1.5707963267948966
1.5720171231216915
1.5732379194484862
1.5744587157752814
1.5756795121020761
1.576900308428871
1.5781211047556658
1.5793419010824608
1.5805626974092557
1.5817834937360506
1.5830042900628456
1.5842250863896403
1.5854458827164353
1.5866666790432302
1.5878874753700252
1.58910827169682
1.5903290680236148
1.5915498643504098
1.5927706606772047
1.5939914570039997
1.5952122533307944
1.5964330496575894
1.5976538459843843
1.5988746423111793
1.600095438637974
1.601316234964769
1.6025370312915637
1.6037578276183588
1.6049786239451538
1.6061994202719485
1.6074202165987435
1.6086410129255382
1.6098618092523334
1.611082605579128
1.612303401905923
1.6135241982327178
1.614744994559513
1.6159657908863077
1.6171865872131026
1.6184073835398975
1.6196281798666923
1.6208489761934872
1.6220697725202822
1.6232905688470771
1.6245113651738718
1.6257321615006668
1.6269529578274615
1.6281737541542567
1.6293945504810516
1.6306153468078464
1.6318361431346413
1.633056939461436
1.6342777357882312
1.635498532115026
1.6367193284418209
1.6379401247686156
1.6391609210954106
1.6403817174222057
1.6416025137490005
1.6428233100757954
1.6440441064025901
1.6452649027293855
1.64648569905618
1.6477064953829752
1.6489272917097697
1.6501480880365649
1.6513688843633598
1.6525896806901548
1.6538104770169495
1.6550312733437444
1.6562520696705394
1.6574728659973343
1.658693662324129
1.659914458650924
1.661135254977719
1.6623560513045137
1.6635768476313089
1.6647976439581036
1.6660184402848985
1.6672392366116935
1.6684600329384884
1.6696808292652834
1.670901625592078
1.672122421918873
1.6733432182456678
1.674564014572463
1.6757848108992577
1.6770056072260526
1.6782264035528476
1.6794471998796423
1.6806679962064375
1.6818887925332322
1.6831095888600272
1.6843303851868219
1.6855511815136168
1.6867719778404116
1.6879927741672067
1.6892135704940014
1.6904343668207964
1.6916551631475913
1.6928759594743863
1.6940967558011812
1.695317552127976
1.696538348454771
1.6977591447815659
1.6989799411083606
1.7002007374351555
1.7014215337619505
1.7026423300887454
1.7038631264155404
1.7050839227423353
1.70630471906913
1.707525515395925
1.7087463117227197
1.709967108049515
1.7111879043763096
1.7124087007031046
1.7136294970298995
1.7148502933566943
1.7160710896834894
1.7172918860102842
1.718512682337079
1.7197334786638738
1.7209542749906688
1.7221750713174635
1.7233958676442587
1.7246166639710536
1.7258374602978483
1.7270582566246433
1.728279052951438
1.7294998492782332
1.730720645605028
1.7319414419318229
1.7331622382586178
1.7343830345854128
1.7356038309122077
1.7368246272390024
1.7380454235657974
1.7392662198925923
1.7404870162193873
1.741707812546182
1.742928608872977
1.7441494051997717
1.7453702015265669
1.7465909978533618
1.7478117941801565
1.7490325905069515
1.7502533868337462
1.7514741831605414
1.752694979487336
1.753915775814131
1.7551365721409258
1.7563573684677207
1.757578164794516
1.7587989611213106
1.7600197574481056
1.7612405537749003
1.7624613501016952
1.76368214642849
1.7649029427552851
1.7661237390820799
1.7673445354088748
1.7685653317356698
1.7697861280624647
1.7710069243892597
1.7722277207160544
1.7734485170428493
1.7746693133696443
1.7758901096964392
1.777110906023234
1.778331702350029
1.7795524986768236
1.7807732950036188
1.7819940913304138
1.7832148876572085
1.7844356839840034
1.7856564803107984
1.786877276637593
1.788098072964388
1.789318869291183
1.790539665617978
1.7917604619447727
1.7929812582715678
1.7942020545983626
1.7954228509251575
1.7966436472519522
1.7978644435787476
1.799085239905542
1.800306036232337
1.8015268325591318
1.802747628885927
1.8039684252127217
1.8051892215395169
1.8064100178663116
1.8076308141931066
1.8088516105199015
1.8100724068466962
1.811293203173491
1.8125139995002861
1.8137347958270809
1.814955592153876
1.8161763884806708
1.8173971848074657
1.8186179811342604
1.8198387774610556
1.82105957378785
1.8222803701146453
1.82350116644144
1.8247219627682352
1.82594275909503
1.8271635554218248
1.8283843517486198
1.8296051480754145
1.8308259444022097
1.8320467407290044
1.8332675370557994
1.8344883333825943
1.835709129709389
1.836929926036184
1.838150722362979
1.8393715186897737
1.8405923150165688
1.8418131113433636
1.8430339076701585
1.8442547039969535
1.8454755003237482
1.8466962966505434
1.847917092977338
1.849137889304133
1.850358685630928
1.8515794819577227
1.8528002782845174
1.8540210746113126
1.8552418709381076
1.8564626672649025
1.8576834635916972
1.8589042599184922
1.8601250562452871
1.8613458525720818
1.862566648898877
1.8637874452256717
1.8650082415524665
1.8662290378792616
1.8674498342060564
1.8686706305328513
1.8698914268596463
1.871112223186441
1.872333019513236
1.873553815840031
1.8747746121668256
1.8759954084936208
1.8772162048204155
1.8784370011472105
1.8796577974740054
1.8808785938008001
1.8820993901275953
1.88332018645439
1.884540982781185
1.8857617791079797
1.8869825754347747
1.8882033717615698
1.8894241680883646
1.8906449644151595
1.8918657607419544
1.8930865570687492
1.8943073533955441
1.895528149722339
1.8967489460491338
1.897969742375929
1.8991905387027237
1.9004113350295186
1.9016321313563136
1.9028529276831083
1.9040737240099035
1.9052945203366982
1.9065153166634932
1.907736112990288
1.9089569093170828
1.910177705643878
1.9113985019706727
1.9126192982974677
1.9138400946242624
1.9150608909510574
1.916281687277852
1.9175024836046473
1.918723279931442
1.9199440762582372
1.9211648725850319
1.9223856689118268
1.9236064652386218
1.9248272615654165
1.9260480578922112
1.9272688542190062
1.9284896505458013
1.9297104468725959
1.930931243199391
1.9321520395261857
1.933372835852981
1.9345936321797756
1.9358144285065708
1.9370352248333655
1.9382560211601605
1.9394768174869552
1.9406976138137502
1.941918410140545
1.94313920646734
1.9443600027941348
1.9455807991209297
1.9468015954477247
1.9480223917745194
1.9492431881013144
1.9504639844281095
1.951684780754904
1.9529055770816992
1.954126373408494
1.955347169735289
1.9565679660620838
1.957788762388879
1.9590095587156737
1.9602303550424687
1.9614511513692634
1.9626719476960583
1.963892744022853
1.9651135403496482
1.966334336676443
1.967555133003238
1.9687759293300329
1.9699967256568276
1.9712175219836223
1.9724383183104177
1.9736591146372122
1.9748799109640074
1.9761007072908021
1.9773215036175973
1.978542299944392
1.9797630962711872
1.980983892597982
1.9822046889247766
1.9834254852515716
1.9846462815783665
1.9858670779051613
1.9870878742319564
1.9883086705587512
1.989529466885546
1.9907502632123408
1.9919710595391358
1.9931918558659305
1.9944126521927257
1.9956334485195204
1.9968542448463156
1.9980750411731103
1.9992958374999055
2.0005166338267
2.001737430153495
2.0029582264802896
2.004179022807085
2.0053998191338795
2.0066206154606747
2.0078414117874694
2.0090622081142646
2.0102830044410593
2.011503800767854
2.012724597094649
2.013945393421444
2.015166189748239
2.016386986075034
2.0176077824018286
2.0188285787286238
2.0200493750554185
2.021270171382213
2.0224909677090084
2.023711764035803
2.0249325603625983
2.026153356689393
2.0273741530161877
2.028594949342983
2.0298157456697776
2.0310365419965724
2.0322573383233675
2.0334781346501623
2.0346989309769574
2.035919727303752
2.037140523630547
2.038361319957342
2.0395821162841368
2.0408029126109315
2.0420237089377267
2.0432445052645214
2.044465301591316
2.0456860979181113
2.0469068942449065
2.048127690571701
2.049348486898496
2.0505692832252906
2.051790079552086
2.053010875878881
2.0542316722056757
2.0554524685324704
2.056673264859265
2.0578940611860603
2.0591148575128555
2.0603356538396502
2.061556450166445
2.0627772464932397
2.063998042820035
2.0652188391468296
2.0664396354736247
2.0676604318004195
2.068881228127214
2.0701020244540094
2.071322820780804
2.0725436171075993
2.073764413434394
2.0749852097611887
2.076206006087984
2.0774268024147786
2.0786475987415733
2.0798683950683685
2.0810891913951632
2.082309987721958
2.083530784048753
2.084751580375548
2.085972376702343
2.0871931730291378
2.0884139693559325
2.089634765682727
2.090855562009523
2.0920763583363176
2.0932971546631123
2.094517950989907
2.0957387473167017
2.096959543643497
2.098180339970292
2.099401136297087
2.1006219326238815
2.1018427289506763
2.1030635252774714
2.104284321604266
2.1055051179310613
2.106725914257856
2.107946710584651
2.109167506911446
2.110388303238241
2.1116090995650354
2.1128298958918306
2.1140506922186253
2.1152714885454205
2.116492284872215
2.1177130811990104
2.118933877525805
2.1201546738526003
2.1213754701793945
2.1225962665061897
2.1238170628329844
2.1250378591597796
2.1262586554865743
2.1274794518133695
2.1287002481401642
2.1299210444669594
2.131141840793754
2.132362637120549
2.1335834334473436
2.1348042297741388
2.1360250261009335
2.1372458224277286
2.1384666187545234
2.139687415081318
2.1409082114081133
2.1421290077349084
2.143349804061703
2.144570600388498
2.1457913967152926
2.147012193042088
2.1482329893688825
2.1494537856956777
2.1506745820224724
2.151895378349267
2.1531161746760623
2.1543369710028575
2.1555577673296518
2.156778563656447
2.1579993599832417
2.1592201563100364
2.1604409526368316
2.1616617489636267
2.1628825452904215
2.164103341617216
2.165324137944011
2.166544934270806
2.1677657305976012
2.168986526924396
2.1702073232511907
2.1714281195779854
2.17264891590478
2.1738697122315753
2.1750905085583705
2.176311304885165
2.17753210121196
2.178752897538755
2.17997369386555
2.181194490192345
2.1824152865191397
2.1836360828459345
2.1848568791727296
2.1860776754995244
2.1872984718263195
2.1885192681531143
2.189740064479909
2.190960860806704
2.192181657133499
2.1934024534602936
2.194623249787089
2.1958440461138835
2.1970648424406782
2.1982856387674734
2.199506435094268
2.2007272314210633
2.201948027747858
2.2031688240746528
2.204389620401448
2.2056104167282427
2.206831213055038
2.2080520093818325
2.2092728057086273
2.2104936020354224
2.211714398362217
2.2129351946890123
2.214155991015807
2.215376787342602
2.2165975836693965
2.2178183799961917
2.219039176322987
2.2202599726497816
2.2214807689765763
2.222701565303371
2.223922361630166
2.2251431579569614
2.226363954283756
2.227584750610551
2.2288055469373456
2.2300263432641407
2.2312471395909355
2.2324679359177306
2.2336887322445254
2.2349095285713205
2.2361303248981153
2.23735112122491
2.238571917551705
2.2397927138785
2.2410135102052946
2.2422343065320898
2.2434551028588845
2.2446758991856797
2.2458966955124744
2.247117491839269
2.2483382881660643
2.249559084492859
2.2507798808196537
2.252000677146449
2.2532214734732436
2.2544422698000384
2.2556630661268335
2.2568838624536283
2.2581046587804234
2.259325455107218
2.260546251434013
2.261767047760808
2.2629878440876032
2.264208640414398
2.2654294367411927
2.2666502330679874
2.2678710293947826
2.2690918257215777
2.2703126220483725
2.271533418375167
2.272754214701962
2.273975011028757
2.275195807355552
2.276416603682347
2.2776374000091417
2.2788581963359364
2.280078992662731
2.281299788989526
2.282520585316321
2.2837413816431162
2.284962177969911
2.2861829742967057
2.2874037706235004
2.2886245669502956
2.2898453632770908
2.2910661596038855
2.29228695593068
2.2935077522574754
2.29472854858427
2.2959493449110653
2.29717014123786
2.2983909375646547
2.29961173389145
2.3008325302182446
2.3020533265450394
2.3032741228718345
2.3044949191986293
2.3057157155254244
2.306936511852219
2.308157308179014
2.309378104505809
2.3105989008326038
2.3118196971593985
2.3130404934861937
2.3142612898129884
2.315482086139783
2.3167028824665783
2.317923678793373
2.319144475120168
2.320365271446963
2.321586067773758
2.322806864100553
2.3240276604273475
2.3252484567541423
2.3264692530809374
2.3276900494077326
2.3289108457345273
2.330131642061322
2.331352438388117
2.332573234714912
2.333794031041707
2.335014827368502
2.3362356236952966
2.3374564200220913
2.3386772163488865
2.3398980126756816
2.3411188090024764
2.342339605329271
2.343560401656066
2.344781197982861
2.3460019943096557
2.347222790636451
2.3484435869632456
2.3496643832900403
2.3508851796168355
2.3521059759436302
2.3533267722704254
2.35454756859722
2.355768364924015
2.35698916125081
2.3582099575776048
2.3594307539043995
2.3606515502311947
2.3618723465579894
2.3630931428847846
2.3643139392115793
2.365534735538374
2.366755531865169
2.367976328191964
2.3691971245187586
2.370417920845554
2.3716387171723485
2.3728595134991437
2.3740803098259384
2.375301106152733
2.3765219024795283
2.3777426988063235
2.3789634951331182
2.380184291459913
2.3814050877867077
2.3826258841135024
2.3838466804402976
2.3850674767670927
2.3862882730938875
2.387509069420682
2.3887298657474774
2.389950662074272
2.3911714584010673
2.392392254727862
2.3936130510546567
2.394833847381452
2.3960546437082466
2.397275440035042
2.3984962363618365
2.3997170326886312
2.4009378290154264
2.402158625342221
2.403379421669016
2.404600217995811
2.4058210143226058
2.407041810649401
2.4082626069761957
2.4094834033029904
2.4107041996297855
2.4119249959565803
2.413145792283375
2.41436658861017
2.415587384936965
2.41680818126376
2.418028977590555
2.4192497739173495
2.4204705702441447
2.4216913665709394
2.4229121628977346
2.4241329592245293
2.425353755551324
2.4265745518781188
2.427795348204914
2.429016144531709
2.430236940858504
2.4314577371852986
2.4326785335120933
2.4338993298388885
2.435120126165683
2.4363409224924784
2.437561718819273
2.438782515146068
2.4400033114728625
2.4412241077996577
2.442444904126453
2.4436657004532476
2.4448864967800423
2.446107293106837
2.4473280894336322
2.448548885760427
2.449769682087222
2.450990478414017
2.4522112747408116
2.4534320710676067
2.4546528673944015
2.4558736637211966
2.4570944600479914
2.458315256374786
2.4595360527015813
2.460756849028376
2.461977645355171
2.463198441681966
2.4644192380087606
2.465640034335556
2.466860830662351
2.4680816269891452
2.4693024233159404
2.470523219642735
2.4717440159695303
2.4729648122963255
2.4741856086231198
2.475406404949915
2.4766272012767097
2.4778479976035044
2.4790687939302996
2.4802895902570943
2.4815103865838894
2.482731182910684
2.483951979237479
2.485172775564274
2.486393571891069
2.487614368217864
2.4888351645446587
2.4900559608714534
2.4912767571982486
2.4924975535250433
2.4937183498518385
2.494939146178633
2.496159942505428
2.497380738832223
2.498601535159018
2.499822331485813
2.5010431278126077
2.5022639241394025
2.5034847204661976
2.5047055167929924
2.505926313119787
2.5071471094465823
2.508367905773377
2.509588702100172
2.5108094984269664
2.5120302947537616
2.5132510910805568
2.5144718874073515
2.5156926837341467
2.516913480060941
2.518134276387736
2.5193550727145313
2.520575869041326
2.5217966653681207
2.523017461694916
2.5242382580217106
2.525459054348506
2.5266798506753005
2.5279006470020953
2.5291214433288904
2.530342239655685
2.5315630359824803
2.532783832309275
2.53400462863607
2.535225424962865
2.5364462212896597
2.537667017616455
2.538887813943249
2.5401086102700443
2.5413294065968395
2.542550202923634
2.5437709992504294
2.5449917955772237
2.546212591904019
2.547433388230814
2.5486541845576087
2.5498749808844035
2.5510957772111986
2.5523165735379933
2.5535373698647885
2.554758166191583
2.555978962518378
2.557199758845173
2.558420555171968
2.559641351498763
2.5608621478255573
2.5620829441523525
2.5633037404791477
2.5645245368059424
2.565745333132737
2.566966129459532
2.568186925786327
2.569407722113122
2.570628518439917
2.5718493147667116
2.5730701110935064
2.5742909074203015
2.5755117037470967
2.5767325000738914
2.577953296400686
2.5791740927274813
2.580394889054276
2.5816156853810712
2.5828364817078655
2.5840572780346607
2.585278074361456
2.5864988706882506
2.5877196670150453
2.5889404633418405
2.5901612596686348
2.59138205599543
2.5926028523222246
2.59382364864902
2.595044444975815
2.5962652413026093
2.5974860376294044
2.5987068339561996
2.5999276302829943
2.601148426609789
2.602369222936584
2.603590019263379
2.604810815590174
2.6060316119169684
2.6072524082437636
2.6084732045705583
2.6096940008973535
2.6109147972241487
2.612135593550943
2.613356389877738
2.614577186204533
2.615797982531328
2.6170187788581227
2.6182395751849175
2.6194603715117126
2.6206811678385074
2.6219019641653025
2.6231227604920972
2.624343556818892
2.625564353145687
2.6267851494724823
2.628005945799277
2.6292267421260718
2.6304475384528665
2.6316683347796617
2.632889131106457
2.634109927433251
2.6353307237600463
2.636551520086841
2.637772316413636
2.6389931127404314
2.6402139090672256
2.641434705394021
2.6426555017208155
2.6438762980476107
2.6450970943744054
2.6463178907012
2.6475386870279953
2.64875948335479
2.649980279681585
2.65120107600838
2.6524218723351747
2.65364266866197
2.654863464988765
2.6560842613155593
2.6573050576423545
2.658525853969149
2.6597466502959444
2.660967446622739
2.662188242949534
2.663409039276329
2.6646298356031237
2.665850631929919
2.6670714282567136
2.6682922245835083
2.6695130209103035
2.6707338172370982
2.6719546135638934
2.673175409890688
2.674396206217483
2.675617002544278
2.6768377988710728
2.6780585951978675
2.6792793915246627
2.6805001878514574
2.6817209841782526
2.6829417805050473
2.684162576831842
2.685383373158637
2.686604169485432
2.687824965812227
2.689045762139022
2.6902665584658165
2.6914873547926117
2.6927081511194064
2.693928947446201
2.6951497437729963
2.696370540099791
2.697591336426586
2.698812132753381
2.7000329290801757
2.701253725406971
2.7024745217337656
2.7036953180605607
2.704916114387355
2.70613691071415
2.7073577070409454
2.70857850336774
2.7097992996945353
2.71102009602133
2.7122408923481247
2.71346168867492
2.7146824850017146
2.7159032813285093
2.7171240776553045
2.7183448739820992
2.7195656703088944
2.720786466635689
2.722007262962484
2.723228059289279
2.7244488556160738
2.725669651942869
2.726890448269663
2.7281112445964584
2.7293320409232535
2.7305528372500483
2.7317736335768434
2.7329944299036377
2.734215226230433
2.735436022557228
2.736656818884023
2.7378776152108175
2.7390984115376127
2.7403192078644074
2.7415400041912026
2.7427608005179973
2.743981596844792
2.7452023931715868
2.7464231894983815
2.7476439858251767
2.748864782151972
2.7500855784787666
2.7513063748055613
2.7525271711323565
2.753747967459151
2.7549687637859464
2.7561895601127406
2.757410356439536
2.758631152766331
2.7598519490931257
2.761072745419921
2.762293541746715
2.7635143380735103
2.7647351344003055
2.7659559307271
2.767176727053895
2.7683975233806897
2.769618319707485
2.77083911603428
2.7720599123610747
2.7732807086878695
2.774501505014664
2.7757223013414594
2.7769430976682545
2.778163893995049
2.779384690321844
2.780605486648639
2.781826282975434
2.783047079302229
2.7842678756290233
2.7854886719558185
2.7867094682826137
2.7879302646094084
2.789151060936203
2.790371857262998
2.791592653589793