0.35
0.35122079632679487
0.3524415926535898
0.35366238898038466
0.35488318530717955
0.3561039816339745
0.3573247779607694
0.35854557428756423
0.3597663706143591
0.36098716694115407
0.36220796326794896
0.3634287595947438
0.36464955592153875
0.36587035224833364
0.36709114857512853
0.3683119449019234
0.3695327412287183
0.3707535375555132
0.3719743338823081
0.373195130209103
0.3744159265358979
0.3756367228626928
0.37685751918948773
0.37807831551628257
0.37929911184307746
0.3805199081698724
0.3817407044966673
0.38296150082346214
0.38418229715025703
0.385403093477052
0.3866238898038469
0.3878446861306417
0.38906548245743666
0.39028627878423156
0.39150707511102645
0.3927278714378214
0.39394866776461623
0.3951694640914111
0.396390260418206
0.39761105674500097
0.3988318530717958
0.4000526493985907
0.40127344572538565
0.40249424205218054
0.4037150383789754
0.4049358347057703
0.4061566310325652
0.4073774273593601
0.40859822368615495
0.4098190200129499
0.4110398163397448
0.4122606126665397
0.41348140899333463
0.41470220532012947
0.41592300164692436
0.4171437979737193
0.4183645943005142
0.41958539062730904
0.42080618695410393
0.4220269832808989
0.4232477796076938
0.42446857593448867
0.42568937226128356
0.4269101685880785
0.42813096491487335
0.4293517612416683
0.43057255756846313
0.4317933538952581
0.4330141502220529
0.43423494654884787
0.4354557428756427
0.43667653920243765
0.43789733552923255
0.43911813185602744
0.44033892818282233
0.4415597245096172
0.4427805208364122
0.444001317163207
0.4452221134900019
0.4464429098167968
0.44766370614359174
0.4488845024703866
0.45010529879718153
0.4513260951239764
0.4525468914507713
0.4537676877775662
0.4549884841043611
0.45620928043115605
0.4574300767579509
0.4586508730847457
0.4598716694115407
0.46109246573833557
0.46231326206513046
0.4635340583919254
0.46475485471872025
0.46597565104551514
0.4671964473723101
0.468417243699105
0.4696380400258998
0.47085883635269477
0.47207963267948966
0.47330042900628455
0.4745212253330794
0.47574202165987434
0.4769628179866693
0.4781836143134641
0.47940441064025907
0.4806252069670539
0.4818460032938488
0.4830667996206437
0.48428759594743864
0.4855083922742335
0.4867291886010284
0.4879499849278233
0.4891707812546182
0.49039157758141305
0.491612373908208
0.4928331702350029
0.4940539665617978
0.4952747628885926
0.49649555921538757
0.49771635554218246
0.49893715186897736
0.5001579481957723
0.5013787445225671
0.502599540849362
0.5038203371761569
0.5050411335029519
0.5062619298297467
0.5074827261565416
0.5087035224833365
0.5099243188101314
0.5111451151369263
0.5123659114637212
0.5135867077905161
0.514807504117311
0.516028300444106
0.5172490967709008
0.5184698930976956
0.5196906894244906
0.5209114857512855
0.5221322820780804
0.5233530784048753
0.5245738747316702
0.5257946710584651
0.52701546738526
0.5282362637120549
0.5294570600388497
0.5306778563656447
0.5318986526924395
0.5331194490192345
0.5343402453460293
0.5355610416728243
0.5367818379996192
0.538002634326414
0.5392234306532089
0.5404442269800038
0.5416650233067988
0.5428858196335936
0.5441066159603885
0.5453274122871834
0.5465482086139783
0.5477690049407732
0.5489898012675681
0.550210597594363
0.5514313939211579
0.5526521902479529
0.5538729865747477
0.5550937829015425
0.5563145792283375
0.5575353755551324
0.5587561718819273
0.5599769682087221
0.5611977645355171
0.562418560862312
0.5636393571891068
0.5648601535159017
0.5660809498426966
0.5673017461694916
0.5685225424962864
0.5697433388230814
0.5709641351498762
0.5721849314766712
0.5734057278034661
0.574626524130261
0.5758473204570558
0.5770681167838507
0.5782889131106457
0.5795097094374406
0.5807305057642353
0.5819513020910303
0.5831720984178252
0.5843928947446202
0.585613691071415
0.58683448739821
0.5880552837250048
0.5892760800517998
0.5904968763785946
0.5917176727053896
0.5929384690321844
0.5941592653589793
0.5953800616857742
0.5966008580125691
0.597821654339364
0.5990424506661589
0.6002632469929537
0.6014840433197487
0.6027048396465435
0.6039256359733385
0.6051464323001334
0.6063672286269282
0.6075880249537231
0.608808821280518
0.610029617607313
0.611250413934108
0.6124712102609027
0.6136920065876976
0.6149128029144926
0.6161335992412875
0.6173543955680822
0.6185751918948772
0.6197959882216721
0.6210167845484671
0.6222375808752619
0.6234583772020568
0.6246791735288517
0.6258999698556467
0.6271207661824416
0.6283415625092365
0.6295623588360313
0.6307831551628262
0.6320039514896212
0.633224747816416
0.6344455441432109
0.6356663404700058
0.6368871367968008
0.6381079331235956
0.6393287294503905
0.6405495257771854
0.6417703221039803
0.642991118430775
0.64421191475757
0.645432711084365
0.6466535074111599
0.6478743037379547
0.6490951000647496
0.6503158963915445
0.6515366927183395
0.6527574890451343
0.6539782853719291
0.6551990816987241
0.656419878025519
0.657640674352314
0.6588614706791087
0.6600822670059037
0.6613030633326986
0.6625238596594936
0.6637446559862884
0.6649654523130832
0.6661862486398782
0.6674070449666731
0.6686278412934681
0.6698486376202628
0.6710694339470578
0.6722902302738527
0.6735110266006477
0.6747318229274425
0.6759526192542373
0.6771734155810323
0.6783942119078272
0.6796150082346222
0.6808358045614169
0.6820566008882119
0.6832773972150068
0.6844981935418017
0.6857189898685966
0.6869397861953914
0.6881605825221864
0.6893813788489813
0.6906021751757762
0.6918229715025711
0.6930437678293659
0.6942645641561609
0.6954853604829557
0.6967061568097507
0.6979269531365455
0.6991477494633405
0.7003685457901353
0.7015893421169302
0.7028101384437251
0.7040309347705199
0.7052517310973149
0.7064725274241097
0.7076933237509047
0.7089141200776995
0.7101349164044944
0.7113557127312894
0.7125765090580842
0.7137973053848792
0.7150181017116741
0.716238898038469
0.7174596943652638
0.7186804906920587
0.7199012870188537
0.7211220833456485
0.7223428796724435
0.7235636759992383
0.7247844723260333
0.7260052686528281
0.727226064979623
0.7284468613064179
0.7296676576332128
0.7308884539600077
0.7321092502868026
0.7333300466135975
0.7345508429403924
0.7357716392671872
0.7369924355939822
0.738213231920777
0.739434028247572
0.7406548245743669
0.7418756209011619
0.7430964172279566
0.7443172135547516
0.7455380098815464
0.7467588062083413
0.7479796025351363
0.7492003988619312
0.7504211951887261
0.751641991515521
0.7528627878423159
0.7540835841691108
0.7553043804959056
0.7565251768227006
0.7577459731494954
0.7589667694762904
0.7601875658030852
0.7614083621298802
0.7626291584566751
0.7638499547834701
0.7650707511102649
0.7662915474370597
0.7675123437638546
0.7687331400906495
0.7699539364174444
0.7711747327442393
0.7723955290710343
0.7736163253978292
0.774837121724624
0.776057918051419
0.7772787143782137
0.7784995107050087
0.7797203070318035
0.7809411033585985
0.7821618996853933
0.7833826960121882
0.7846034923389831
0.785824288665778
0.787045084992573
0.7882658813193679
0.7894866776461628
0.7907074739729577
0.7919282702997525
0.7931490666265474
0.7943698629533423
0.7955906592801372
0.7968114556069321
0.7980322519337271
0.7992530482605219
0.8004738445873169
0.8016946409141117
0.8029154372409065
0.8041362335677015
0.8053570298944963
0.8065778262212913
0.8077986225480862
0.8090194188748812
0.810240215201676
0.8114610115284709
0.8126818078552658
0.8139026041820606
0.8151234005088556
0.8163441968356504
0.8175649931624454
0.8187857894892403
0.8200065858160352
0.8212273821428301
0.822448178469625
0.8236689747964199
0.8248897711232147
0.8261105674500097
0.8273313637768045
0.8285521601035994
0.8297729564303944
0.8309937527571892
0.8322145490839842
0.833435345410779
0.834656141737574
0.8358769380643689
0.8370977343911636
0.8383185307179586
0.8395393270447535
0.8407601233715485
0.8419809196983433
0.8432017160251383
0.8444225123519331
0.8456433086787281
0.846864105005523
0.8480849013323177
0.8493056976591127
0.8505264939859076
0.8517472903127025
0.8529680866394974
0.8541888829662923
0.8554096792930872
0.8566304756198821
0.8578512719466771
0.8590720682734718
0.8602928646002668
0.8615136609270615
0.8627344572538564
0.8639552535806514
0.8651760499074463
0.8663968462342412
0.8676176425610361
0.868838438887831
0.8700592352146259
0.8712800315414209
0.8725008278682158
0.8737216241950105
0.8749424205218055
0.8761632168486003
0.8773840131753953
0.8786048095021901
0.8798256058289851
0.88104640215578
0.882267198482575
0.8834879948093698
0.8847087911361646
0.8859295874629596
0.8871503837897545
0.8883711801165494
0.8895919764433443
0.8908127727701391
0.8920335690969341
0.893254365423729
0.894475161750524
0.8956959580773187
0.8969167544041137
0.8981375507309085
0.8993583470577035
0.9005791433844983
0.9017999397112932
0.9030207360380882
0.9042415323648831
0.905462328691678
0.9066831250184729
0.9079039213452677
0.9091247176720626
0.9103455139988574
0.9115663103256524
0.9127871066524473
0.9140079029792423
0.9152286993060371
0.9164494956328321
0.9176702919596269
0.9188910882864219
0.9201118846132167
0.9213326809400116
0.9225534772668065
0.9237742735936014
0.9249950699203963
0.9262158662471912
0.927436662573986
0.928657458900781
0.9298782552275758
0.9310990515543708
0.9323198478811656
0.9335406442079606
0.9347614405347555
0.9359822368615502
0.9372030331883452
0.9384238295151401
0.9396446258419351
0.9408654221687299
0.9420862184955249
0.9433070148223197
0.9445278111491145
0.9457486074759095
0.9469694038027043
0.9481902001294993
0.9494109964562942
0.9506317927830891
0.951852589109884
0.9530733854366789
0.9542941817634738
0.9555149780902686
0.9567357744170635
0.9579565707438584
0.9591773670706534
0.9603981633974483
0.9616189597242432
0.9628397560510381
0.964060552377833
0.9652813487046279
0.9665021450314227
0.9677229413582176
0.9689437376850125
0.9701645340118075
0.9713853303386023
0.9726061266653973
0.9738269229921922
0.975047719318987
0.976268515645782
0.9774893119725767
0.9787101082993717
0.9799309046261666
0.9811517009529616
0.9823724972797564
0.9835932936065513
0.9848140899333462
0.9860348862601411
0.9872556825869361
0.988476478913731
0.9896972752405258
0.9909180715673207
0.9921388678941157
0.9933596642209105
0.9945804605477054
0.9958012568745003
0.9970220532012952
0.9982428495280902
0.999463645854885
1.0006844421816798
1.0019052385084748
1.0031260348352697
1.0043468311620645
1.0055676274888594
1.0067884238156544
1.0080092201424493
1.0092300164692443
1.0104508127960392
1.011671609122834
1.0128924054496289
1.0141132017764236
1.0153339981032186
1.0165547944300135
1.0177755907568085
1.0189963870836034
1.0202171834103984
1.0214379797371933
1.022658776063988
1.023879572390783
1.025100368717578
1.0263211650443727
1.0275419613711676
1.0287627576979625
1.0299835540247575
1.0312043503515524
1.0324251466783472
1.0336459430051421
1.034866739331937
1.0360875356587318
1.0373083319855267
1.0385291283123217
1.0397499246391166
1.0409707209659116
1.0421915172927063
1.0434123136195013
1.0446331099462962
1.045853906273091
1.0470747025998859
1.0482954989266808
1.0495162952534758
1.0507370915802707
1.0519578879070657
1.0531786842338606
1.0543994805606554
1.05562027688745
1.056841073214245
1.05806186954104
1.059282665867835
1.0605034621946299
1.0617242585214246
1.0629450548482196
1.0641658511750145
1.0653866475018092
1.0666074438286042
1.0678282401553991
1.069049036482194
1.070269832808989
1.0714906291357837
1.0727114254625787
1.0739322217893736
1.0751530181161684
1.0763738144429633
1.0775946107697583
1.0788154070965532
1.0800362034233482
1.081256999750143
1.0824777960769378
1.0836985924037328
1.0849193887305277
1.0861401850573225
1.0873609813841174
1.0885817777109124
1.0898025740377073
1.0910233703645023
1.0922441666912972
1.093464963018092
1.0946857593448869
1.0959065556716818
1.0971273519984766
1.0983481483252715
1.0995689446520664
1.1007897409788614
1.1020105373056563
1.103231333632451
1.104452129959246
1.105672926286041
1.106893722612836
1.1081145189396306
1.1093353152664256
1.1105561115932205
1.1117769079200155
1.1129977042468102
1.1142185005736052
1.1154392969004001
1.116660093227195
1.11788088955399
1.1191016858807847
1.1203224822075797
1.1215432785343746
1.1227640748611696
1.1239848711879645
1.1252056675147593
1.1264264638415542
1.1276472601683492
1.128868056495144
1.1300888528219388
1.1313096491487338
1.1325304454755287
1.1337512418023237
1.1349720381291184
1.1361928344559133
1.1374136307827083
1.138634427109503
1.1398552234362982
1.141076019763093
1.1422968160898879
1.1435176124166828
1.1447384087434778
1.1459592050702725
1.1471800013970674
1.1484007977238624
1.1496215940506571
1.1508423903774523
1.152063186704247
1.153283983031042
1.154504779357837
1.1557255756846319
1.1569463720114266
1.1581671683382218
1.1593879646650165
1.1606087609918112
1.1618295573186064
1.163050353645401
1.164271149972196
1.165491946298991
1.166712742625786
1.1679335389525807
1.1691543352793756
1.1703751316061706
1.1715959279329653
1.1728167242597602
1.1740375205865552
1.1752583169133501
1.1764791132401449
1.17769990956694
1.1789207058937348
1.1801415022205297
1.1813622985473247
1.1825830948741194
1.1838038912009143
1.1850246875277093
1.1862454838545042
1.187466280181299
1.1886870765080941
1.1899078728348889
1.1911286691616838
1.1923494654884788
1.1935702618152735
1.1947910581420684
1.1960118544688634
1.1972326507956583
1.198453447122453
1.1996742434492482
1.200895039776043
1.202115836102838
1.2033366324296328
1.2045574287564276
1.2057782250832225
1.2069990214100175
1.2082198177368124
1.209440614063607
1.210661410390402
1.2118822067171968
1.2131030030439918
1.2143237993707867
1.2155445956975817
1.2167653920243764
1.2179861883511716
1.2192069846779663
1.220427781004761
1.2216485773315562
1.222869373658351
1.2240901699851459
1.2253109663119408
1.2265317626387358
1.2277525589655305
1.2289733552923257
1.2301941516191204
1.2314149479459153
1.2326357442727103
1.233856540599505
1.2350773369263
1.236298133253095
1.2375189295798898
1.2387397259066846
1.2399605222334797
1.2411813185602745
1.2424021148870694
1.2436229112138641
1.244843707540659
1.246064503867454
1.2472853001942488
1.248506096521044
1.2497268928478387
1.2509476891746338
1.2521684855014286
1.2533892818282235
1.2546100781550182
1.2558308744818132
1.2570516708086081
1.2582724671354029
1.259493263462198
1.2607140597889928
1.2619348561157877
1.2631556524425827
1.2643764487693776
1.2655972450961723
1.2668180414229673
1.2680388377497622
1.269259634076557
1.2704804304033521
1.2717012267301468
1.2729220230569418
1.2741428193837367
1.2753636157105317
1.2765844120373264
1.2778052083641214
1.2790260046909163
1.280246801017711
1.2814675973445062
1.282688393671301
1.283909189998096
1.2851299863248908
1.2863507826516858
1.2875715789784805
1.2887923753052755
1.2900131716320704
1.2912339679588651
1.2924547642856603
1.293675560612455
1.29489635693925
1.296117153266045
1.2973379495928399
1.2985587459196346
1.2997795422464296
1.3010003385732245
1.3022211349000192
1.3034419312268142
1.3046627275536091
1.305883523880404
1.3071043202071988
1.308325116533994
1.3095459128607887
1.3107667091875836
1.3119875055143786
1.3132083018411733
1.3144290981679683
1.3156498944947632
1.3168706908215582
1.318091487148353
1.319312283475148
1.3205330798019428
1.3217538761287377
1.3229746724555327
1.3241954687823274
1.3254162651091224
1.3266370614359173
1.3278578577627123
1.329078654089507
1.3302994504163022
1.3315202467430969
1.3327410430698918
1.3339618393966868
1.3351826357234815
1.3364034320502765
1.3376242283770714
1.3388450247038663
1.340065821030661
1.341286617357456
1.342507413684251
1.343728210011046
1.3449490063378406
1.3461698026646356
1.3473905989914305
1.3486113953182253
1.3498321916450204
1.3510529879718152
1.3522737842986101
1.353494580625405
1.3547153769522
1.3559361732789947
1.3571569696057897
1.3583777659325846
1.3595985622593794
1.3608193585861745
1.3620401549129693
1.3632609512397642
1.3644817475665592
1.365702543893354
1.3669233402201488
1.3681441365469438
1.3693649328737385
1.3705857292005335
1.3718065255273284
1.3730273218541231
1.374248118180918
1.375468914507713
1.376689710834508
1.3779105071613027
1.3791313034880979
1.3803520998148926
1.3815728961416875
1.3827936924684825
1.3840144887952774
1.3852352851220722
1.3864560814488671
1.387676877775662
1.3888976741024568
1.390118470429252
1.3913392667560467
1.3925600630828416
1.3937808594096366
1.3950016557364315
1.3962224520632263
1.3974432483900212
1.3986640447168162
1.3998848410436109
1.401105637370406
1.4023264336972008
1.4035472300239957
1.4047680263507907
1.4059888226775856
1.4072096190043804
1.4084304153311753
1.4096512116579702
1.410872007984765
1.4120928043115601
1.4133136006383549
1.4145343969651498
1.4157551932919448
1.4169759896187397
1.4181967859455344
1.4194175822723292
1.4206383785991243
1.421859174925919
1.4230799712527142
1.424300767579509
1.425521563906304
1.4267423602330986
1.4279631565598938
1.4291839528866885
1.4304047492134833
1.4316255455402784
1.4328463418670732
1.434067138193868
1.435287934520663
1.436508730847458
1.4377295271742527
1.438950323501048
1.4401711198278426
1.4413919161546374
1.4426127124814325
1.4438335088082273
1.4450543051350222
1.4462751014618171
1.447495897788612
1.4487166941154068
1.449937490442202
1.4511582867689967
1.4523790830957914
1.4535998794225866
1.4548206757493813
1.4560414720761763
1.4572622684029712
1.4584830647297662
1.459703861056561
1.460924657383356
1.4621454537101508
1.4633662500369458
1.4645870463637407
1.4658078426905354
1.4670286390173304
1.4682494353441253
1.4694702316709203
1.470691027997715
1.47191182432451
1.473132620651305
1.4743534169780999
1.4755742133048946
1.4767950096316895
1.4780158059584845
1.4792366022852792
1.4804573986120744
1.481678194938869
1.482898991265664
1.484119787592459
1.485340583919254
1.4865613802460487
1.4877821765728436
1.4890029728996386
1.4902237692264333
1.4914445655532285
1.4926653618800232
1.4938861582068181
1.495106954533613
1.496327750860408
1.4975485471872028
1.4987693435139977
1.4999901398407927
1.5012109361675874
1.5024317324943826
1.5036525288211773
1.5048733251479722
1.5060941214747672
1.5073149178015621
1.5085357141283569
1.5097565104551518
1.5109773067819467
1.5121981031087415
1.5134188994355366
1.5146396957623314
1.5158604920891263
1.5170812884159213
1.5183020847427162
1.519522881069511
1.5207436773963057
1.5219644737231006
1.5231852700498956
1.5244060663766905
1.5256268627034852
1.5268476590302802
1.5280684553570751
1.52928925168387
1.5305100480106648
1.53173084433746
1.5329516406642547
1.5341724369910497
1.5353932333178446
1.5366140296446396
1.5378348259714343
1.5390556222982292
1.5402764186250242
1.541497214951819
1.542718011278614
1.5439388076054088
1.5451596039322038
1.5463804002589985
1.5476011965857936
1.5488219929125884
1.550042789239383
1.5512635855661783
1.552484381892973
1.553705178219768
1.554925974546563
1.5561467708733578
1.5573675672001526
1.5585883635269477
1.5598091598537425
1.5610299561805372
1.5622507525073324
1.563471548834127
1.564692345160922
1.565913141487717
1.567133937814512
1.5683547341413067
1.5695755304681018
1.5707963267948966