0.3507963267948966
0.3520163267948966
0.35323632679489664
0.3544563267948966
0.3556763267948966
0.3568963267948966
0.35811632679489663
0.3593363267948966
0.3605563267948966
0.3617763267948966
0.36299632679489663
0.36421632679489657
0.36543632679489657
0.36665632679489657
0.3678763267948966
0.36909632679489657
0.37031632679489657
0.37153632679489657
0.3727563267948966
0.37397632679489656
0.37519632679489656
0.37641632679489656
0.3776363267948966
0.37885632679489656
0.38007632679489656
0.38129632679489656
0.3825163267948966
0.38373632679489655
0.38495632679489655
0.38617632679489655
0.3873963267948966
0.38861632679489655
0.38983632679489655
0.39105632679489655
0.3922763267948966
0.3934963267948966
0.39471632679489654
0.39593632679489654
0.3971563267948966
0.3983763267948966
0.39959632679489654
0.40081632679489654
0.4020363267948966
0.4032563267948966
0.40447632679489653
0.40569632679489653
0.4069163267948966
0.4081363267948966
0.40935632679489653
0.41057632679489653
0.4117963267948966
0.4130163267948966
0.4142363267948966
0.4154563267948965
0.4166763267948966
0.4178963267948966
0.4191163267948965
0.42033632679489663
0.4215563267948966
0.4227763267948966
0.4239963267948965
0.42521632679489657
0.42643632679489657
0.4276563267948966
0.42887632679489657
0.4300963267948966
0.43131632679489657
0.4325363267948966
0.43375632679489656
0.4349763267948966
0.4361963267948966
0.4374163267948966
0.43863632679489656
0.43985632679489656
0.4410763267948966
0.4422963267948966
0.4435163267948966
0.4447363267948966
0.4459563267948966
0.4471763267948966
0.4483963267948966
0.4496163267948966
0.4508363267948966
0.4520563267948966
0.4532763267948966
0.4544963267948966
0.4557163267948966
0.4569363267948966
0.4581563267948966
0.4593763267948966
0.4605963267948966
0.4618163267948966
0.4630363267948966
0.4642563267948966
0.4654763267948966
0.4666963267948966
0.4679163267948966
0.4691363267948966
0.4703563267948966
0.4715763267948966
0.4727963267948966
0.4740163267948966
0.4752363267948966
0.4764563267948966
0.4776763267948966
0.4788963267948966
0.4801163267948966
0.4813363267948966
0.4825563267948966
0.48377632679489657
0.48499632679489657
0.48621632679489657
0.48743632679489657
0.48865632679489657
0.4898763267948966
0.49109632679489656
0.49231632679489656
0.49353632679489656
0.4947563267948966
0.49597632679489656
0.49719632679489656
0.49841632679489656
0.49963632679489656
0.5008563267948966
0.5020763267948966
0.5032963267948966
0.5045163267948967
0.5057363267948966
0.5069563267948966
0.5081763267948967
0.5093963267948967
0.5106163267948965
0.5118363267948965
0.5130563267948967
0.5142763267948967
0.5154963267948967
0.5167163267948965
0.5179363267948967
0.5191563267948966
0.5203763267948966
0.5215963267948966
0.5228163267948966
0.5240363267948966
0.5252563267948966
0.5264763267948966
0.5276963267948966
0.5289163267948965
0.5301363267948965
0.5313563267948965
0.5325763267948966
0.5337963267948966
0.5350163267948965
0.5362363267948965
0.5374563267948966
0.5386763267948966
0.5398963267948966
0.5411163267948965
0.5423363267948966
0.5435563267948966
0.5447763267948966
0.5459963267948966
0.5472163267948966
0.5484363267948966
0.5496563267948966
0.5508763267948966
0.5520963267948966
0.5533163267948966
0.5545363267948966
0.5557563267948966
0.5569763267948966
0.5581963267948966
0.5594163267948966
0.5606363267948966
0.5618563267948966
0.5630763267948966
0.5642963267948966
0.5655163267948966
0.5667363267948966
0.5679563267948966
0.5691763267948966
0.5703963267948966
0.5716163267948966
0.5728363267948966
0.5740563267948966
0.5752763267948966
0.5764963267948966
0.5777163267948966
0.5789363267948966
0.5801563267948966
0.5813763267948966
0.5825963267948966
0.5838163267948966
0.5850363267948966
0.5862563267948966
0.5874763267948966
0.5886963267948966
0.5899163267948966
0.5911363267948966
0.5923563267948966
0.5935763267948966
0.5947963267948966
0.5960163267948966
0.5972363267948966
0.5984563267948966
0.5996763267948966
0.6008963267948966
0.6021163267948966
0.6033363267948966
0.6045563267948966
0.6057763267948966
0.6069963267948966
0.6082163267948966
0.6094363267948966
0.6106563267948966
0.6118763267948966
0.6130963267948966
0.6143163267948966
0.6155363267948966
0.6167563267948966
0.6179763267948966
0.6191963267948966
0.6204163267948966
0.6216363267948966
0.6228563267948966
0.6240763267948966
0.6252963267948966
0.6265163267948965
0.6277363267948965
0.6289563267948965
0.6301763267948965
0.6313963267948965
0.6326163267948965
0.6338363267948965
0.6350563267948965
0.6362763267948965
0.6374963267948965
0.6387163267948965
0.6399363267948966
0.6411563267948965
0.6423763267948965
0.6435963267948965
0.6448163267948965
0.6460363267948965
0.6472563267948965
0.6484763267948965
0.6496963267948965
0.6509163267948965
0.6521363267948965
0.6533563267948965
0.6545763267948965
0.6557963267948965
0.6570163267948965
0.6582363267948966
0.6594563267948965
0.6606763267948965
0.6618963267948965
0.6631163267948966
0.6643363267948965
0.6655563267948965
0.6667763267948965
0.6679963267948966
0.6692163267948966
0.6704363267948965
0.6716563267948965
0.6728763267948966
0.6740963267948966
0.6753163267948966
0.6765363267948965
0.6777563267948966
0.6789763267948966
0.6801963267948966
0.6814163267948965
0.6826363267948966
0.6838563267948966
0.6850763267948966
0.6862963267948966
0.6875163267948966
0.6887363267948966
0.6899563267948966
0.6911763267948966
0.6923963267948967
0.6936163267948966
0.6948363267948966
0.6960563267948966
0.6972763267948967
0.6984963267948966
0.6997163267948966
0.7009363267948966
0.7021563267948966
0.7033763267948966
0.7045963267948965
0.7058163267948966
0.7070363267948965
0.7082563267948966
0.7094763267948965
0.7106963267948966
0.7119163267948966
0.7131363267948966
0.7143563267948965
0.7155763267948966
0.7167963267948966
0.7180163267948966
0.7192363267948965
0.7204563267948966
0.7216763267948966
0.7228963267948966
0.7241163267948965
0.7253363267948966
0.7265563267948966
0.7277763267948966
0.7289963267948966
0.7302163267948966
0.7314363267948966
0.7326563267948966
0.7338763267948966
0.7350963267948966
0.7363163267948966
0.7375363267948966
0.7387563267948966
0.7399763267948967
0.7411963267948967
0.7424163267948967
0.7436363267948966
0.7448563267948966
0.7460763267948965
0.7472963267948967
0.7485163267948965
0.7497363267948967
0.7509563267948967
0.7521763267948967
0.7533963267948967
0.7546163267948967
0.7558363267948965
0.7570563267948967
0.7582763267948965
0.7594963267948966
0.7607163267948966
0.7619363267948966
0.7631563267948966
0.7643763267948966
0.7655963267948966
0.7668163267948966
0.7680363267948965
0.7692563267948966
0.7704763267948966
0.7716963267948966
0.7729163267948966
0.7741363267948966
0.7753563267948966
0.7765763267948966
0.7777963267948965
0.7790163267948966
0.7802363267948965
0.7814563267948965
0.7826763267948965
0.7838963267948965
0.7851163267948965
0.7863363267948966
0.7875563267948966
0.7887763267948966
0.7899963267948966
0.7912163267948966
0.7924363267948965
0.7936563267948965
0.7948763267948965
0.7960963267948966
0.7973163267948966
0.7985363267948966
0.7997563267948966
0.8009763267948966
0.8021963267948966
0.8034163267948965
0.8046363267948965
0.8058563267948966
0.8070763267948966
0.8082963267948966
0.8095163267948966
0.8107363267948966
0.8119563267948966
0.8131763267948966
0.8143963267948966
0.8156163267948966
0.8168363267948966
0.8180563267948966
0.8192763267948966
0.8204963267948966
0.8217163267948966
0.8229363267948966
0.8241563267948966
0.8253763267948966
0.8265963267948966
0.8278163267948966
0.8290363267948966
0.8302563267948966
0.8314763267948966
0.8326963267948966
0.8339163267948966
0.8351363267948966
0.8363563267948967
0.8375763267948966
0.8387963267948966
0.8400163267948966
0.8412363267948966
0.8424563267948966
0.8436763267948966
0.8448963267948966
0.8461163267948967
0.8473363267948967
0.8485563267948966
0.8497763267948966
0.8509963267948966
0.8522163267948966
0.8534363267948966
0.8546563267948966
0.8558763267948967
0.8570963267948967
0.8583163267948967
0.8595363267948966
0.8607563267948966
0.8619763267948964
0.8631963267948966
0.8644163267948966
0.8656363267948965
0.8668563267948965
0.8680763267948965
0.8692963267948965
0.8705163267948965
0.8717363267948965
0.8729563267948967
0.8741763267948965
0.8753963267948965
0.8766163267948965
0.8778363267948965
0.8790563267948965
0.8802763267948965
0.8814963267948965
0.8827163267948966
0.8839363267948966
0.8851563267948965
0.8863763267948965
0.8875963267948965
0.8888163267948965
0.8900363267948965
0.8912563267948965
0.8924763267948966
0.8936963267948966
0.8949163267948966
0.8961363267948965
0.8973563267948965
0.8985763267948965
0.8997963267948966
0.9010163267948965
0.9022363267948966
0.9034563267948966
0.9046763267948966
0.9058963267948966
0.9071163267948967
0.9083363267948965
0.9095563267948966
0.9107763267948965
0.9119963267948966
0.9132163267948966
0.9144363267948966
0.9156563267948966
0.9168763267948967
0.9180963267948966
0.9193163267948966
0.9205363267948965
0.9217563267948966
0.9229763267948966
0.9241963267948966
0.9254163267948966
0.9266363267948967
0.9278563267948966
0.9290763267948967
0.9302963267948965
0.9315163267948966
0.9327363267948966
0.9339563267948966
0.9351763267948966
0.9363963267948965
0.9376163267948965
0.9388363267948966
0.9400563267948966
0.9412763267948966
0.9424963267948966
0.9437163267948966
0.9449363267948965
0.9461563267948965
0.9473763267948965
0.9485963267948966
0.9498163267948966
0.9510363267948966
0.9522563267948966
0.9534763267948966
0.9546963267948966
0.9559163267948965
0.9571363267948965
0.9583563267948966
0.9595763267948966
0.9607963267948966
0.9620163267948966
0.9632363267948966
0.9644563267948967
0.9656763267948967
0.9668963267948966
0.9681163267948966
0.9693363267948966
0.9705563267948966
0.9717763267948966
0.9729963267948966
0.9742163267948967
0.9754363267948967
0.9766563267948967
0.9778763267948966
0.9790963267948966
0.9803163267948966
0.9815363267948966
0.9827563267948966
0.9839763267948967
0.9851963267948967
0.9864163267948967
0.9876363267948967
0.9888563267948967
0.9900763267948965
0.9912963267948965
0.9925163267948965
0.9937363267948967
0.9949563267948967
0.9961763267948966
0.9973963267948966
0.9986163267948966
0.9998363267948966
1.0010563267948966
1.0022763267948966
1.0034963267948966
1.0047163267948966
1.0059363267948966
1.0071563267948966
1.0083763267948966
1.0095963267948966
1.0108163267948966
1.0120363267948966
1.0132563267948966
1.0144763267948966
1.0156963267948966
1.0169163267948966
1.0181363267948966
1.0193563267948966
1.0205763267948966
1.0217963267948966
1.0230163267948966
1.0242363267948966
1.0254563267948966
1.0266763267948966
1.0278963267948966
1.0291163267948966
1.0303363267948966
1.0315563267948966
1.0327763267948966
1.0339963267948966
1.0352163267948966
1.0364363267948966
1.0376563267948966
1.0388763267948966
1.0400963267948966
1.0413163267948966
1.0425363267948966
1.0437563267948966
1.0449763267948966
1.0461963267948966
1.0474163267948966
1.0486363267948966
1.0498563267948966
1.0510763267948966
1.0522963267948966
1.0535163267948966
1.0547363267948966
1.0559563267948966
1.0571763267948966
1.0583963267948966
1.0596163267948966
1.0608363267948966
1.0620563267948966
1.0632763267948966
1.0644963267948966
1.0657163267948966
1.0669363267948966
1.0681563267948966
1.0693763267948966
1.0705963267948966
1.0718163267948966
1.0730363267948966
1.0742563267948966
1.0754763267948966
1.0766963267948966
1.0779163267948966
1.0791363267948966
1.0803563267948966
1.0815763267948966
1.0827963267948966
1.0840163267948966
1.0852363267948966
1.0864563267948966
1.0876763267948966
1.0888963267948966
1.0901163267948966
1.0913363267948966
1.0925563267948966
1.0937763267948966
1.0949963267948966
1.0962163267948966
1.0974363267948966
1.0986563267948966
1.0998763267948966
1.1010963267948966
1.1023163267948966
1.1035363267948965
1.1047563267948965
1.1059763267948965
1.1071963267948965
1.1084163267948965
1.1096363267948965
1.1108563267948965
1.1120763267948965
1.1132963267948965
1.1145163267948965
1.1157363267948965
1.1169563267948965
1.1181763267948965
1.1193963267948965
1.1206163267948965
1.1218363267948965
1.1230563267948965
1.1242763267948965
1.1254963267948965
1.1267163267948965
1.1279363267948965
1.1291563267948965
1.1303763267948965
1.1315963267948967
1.1328163267948965
1.1340363267948967
1.1352563267948965
1.1364763267948965
1.1376963267948965
1.1389163267948965
1.1401363267948965
1.1413563267948965
1.1425763267948967
1.1437963267948965
1.1450163267948967
1.1462363267948965
1.1474563267948965
1.1486763267948965
1.1498963267948965
1.1511163267948967
1.1523363267948965
1.1535563267948967
1.1547763267948965
1.1559963267948967
1.1572163267948965
1.1584363267948967
1.1596563267948967
1.1608763267948965
1.1620963267948967
1.1633163267948965
1.1645363267948967
1.1657563267948965
1.1669763267948967
1.1681963267948965
1.1694163267948967
1.1706363267948967
1.1718563267948965
1.1730763267948967
1.1742963267948965
1.1755163267948967
1.1767363267948965
1.1779563267948967
1.1791763267948967
1.1803963267948967
1.1816163267948967
1.1828363267948965
1.1840563267948967
1.1852763267948965
1.1864963267948967
1.1877163267948965
1.1889363267948967
1.1901563267948967
1.1913763267948967
1.1925963267948967
1.1938163267948965
1.1950363267948967
1.1962563267948965
1.1974763267948967
1.1986963267948967
1.1999163267948967
1.2011363267948967
1.2023563267948967
1.2035763267948967
1.2047963267948965
1.2060163267948967
1.2072363267948965
1.2084563267948967
1.2096763267948965
1.2108963267948964
1.2121163267948964
1.2133363267948964
1.2145563267948964
1.2157763267948967
1.2169963267948964
1.2182163267948967
1.2194363267948964
1.2206563267948964
1.2218763267948964
1.2230963267948964
1.2243163267948967
1.2255363267948964
1.2267563267948967
1.2279763267948964
1.2291963267948967
1.2304163267948964
1.2316363267948967
1.2328563267948967
1.2340763267948964
1.2352963267948966
1.2365163267948964
1.2377363267948966
1.2389563267948964
1.2401763267948966
1.2413963267948964
1.2426163267948966
1.2438363267948966
1.2450563267948964
1.2462763267948966
1.2474963267948964
1.2487163267948966
1.2499363267948964
1.2511563267948966
1.2523763267948966
1.2535963267948966
1.2548163267948966
1.2560363267948964
1.2572563267948966
1.2584763267948964
1.2596963267948966
1.2609163267948964
1.2621363267948966
1.2633563267948966
1.2645763267948966
1.2657963267948966
1.2670163267948964
1.2682363267948966
1.2694563267948964
1.2706763267948966
1.2718963267948966
1.2731163267948966
1.2743363267948966
1.2755563267948966
1.2767763267948966
1.2779963267948964
1.2792163267948966
1.2804363267948964
1.2816563267948966
1.2828763267948966
1.2840963267948966
1.2853163267948966
1.2865363267948966
1.2877563267948966
1.2889763267948964
1.2901963267948966
1.2914163267948966
1.2926363267948966
1.2938563267948966
1.2950763267948966
1.2962963267948966
1.2975163267948966
1.2987363267948966
1.2999563267948964
1.3011763267948966
1.3023963267948966
1.3036163267948966
1.3048363267948966
1.3060563267948966
1.3072763267948966
1.3084963267948968
1.3097163267948966
1.3109363267948968
1.3121563267948966
1.3133763267948966
1.3145963267948966
1.3158163267948966
1.3170363267948966
1.3182563267948966
1.3194763267948968
1.3206963267948966
1.3219163267948968
1.3231363267948966
1.3243563267948966
1.3255763267948966
1.3267963267948966
1.3280163267948968
1.3292363267948966
1.3304563267948968
1.3316763267948966
1.3328963267948968
1.3341163267948966
1.3353363267948966
1.3365563267948966
1.3377763267948966
1.3389963267948968
1.3402163267948966
1.3414363267948968
1.3426563267948965
1.3438763267948968
1.3450963267948965
1.3463163267948965
1.3475363267948968
1.3487563267948965
1.3499763267948968
1.3511963267948965
1.3524163267948968
1.3536363267948965
1.3548563267948968
1.3560763267948965
1.3572963267948965
1.3585163267948968
1.3597363267948965
1.3609563267948968
1.3621763267948965
1.3633963267948968
1.3646163267948965
1.3658363267948967
1.3670563267948965
1.3682763267948965
1.3694963267948965
1.3707163267948965
1.3719363267948965
1.3731563267948965
1.3743763267948965
1.3755963267948965
1.3768163267948965
1.3780363267948965
1.3792563267948965
1.3804763267948965
1.3816963267948965
1.3829163267948965
1.3841363267948967
1.3853563267948965
1.3865763267948965
1.3877963267948965
1.3890163267948965
1.3902363267948965
1.3914563267948965
1.3926763267948967
1.3938963267948965
1.3951163267948967
1.3963363267948965
1.3975563267948965
1.3987763267948965
1.3999963267948965
1.4012163267948967
1.4024363267948965
1.4036563267948967
1.4048763267948965
1.4060963267948967
1.4073163267948965
1.4085363267948965
1.4097563267948965
1.4109763267948965
1.4121963267948967
1.4134163267948965
1.4146363267948967
1.4158563267948965
1.4170763267948967
1.4182963267948965
1.4195163267948965
1.4207363267948967
1.4219563267948965
1.4231763267948967
1.4243963267948965
1.4256163267948967
1.4268363267948965
1.4280563267948967
1.4292763267948965
1.4304963267948965
1.4317163267948967
1.4329363267948965
1.4341563267948967
1.4353763267948965
1.4365963267948967
1.4378163267948965
1.4390363267948967
1.4402563267948967
1.4414763267948965
1.4426963267948967
1.4439163267948965
1.4451363267948967
1.4463563267948965
1.4475763267948967
1.4487963267948964
1.4500163267948967
1.4512363267948967
1.4524563267948964
1.4536763267948967
1.4548963267948964
1.4561163267948967
1.4573363267948964
1.4585563267948967
1.4597763267948967
1.4609963267948967
1.4622163267948967
1.4634363267948967
1.4646563267948967
1.4658763267948964
1.4670963267948967
1.4683163267948964
1.4695363267948967
1.4707563267948967
1.4719763267948967
1.4731963267948966
1.4744163267948966
1.4756363267948966
1.4768563267948964
1.4780763267948966
1.4792963267948966
1.4805163267948966
1.4817363267948966
1.4829563267948966
1.4841763267948966
1.4853963267948966
1.4866163267948966
1.4878363267948966
1.4890563267948966
1.4902763267948966
1.4914963267948966
1.4927163267948966
1.4939363267948966
1.4951563267948966
1.4963763267948966
1.4975963267948966
1.4988163267948966
1.5000363267948966
1.5012563267948966
1.5024763267948966
1.5036963267948966
1.5049163267948966
1.5061363267948966
1.5073563267948968
1.5085763267948966
1.5097963267948966
1.5110163267948966
1.5122363267948966
1.5134563267948966
1.5146763267948966
1.5158963267948966
1.5171163267948966
1.5183363267948968
1.5195563267948966
1.5207763267948966
1.5219963267948964
1.5232163267948966
1.5244363267948966
1.5256563267948964
1.5268763267948966
1.5280963267948964
1.5293163267948966
1.5305363267948964
1.5317563267948966
1.5329763267948966
1.5341963267948966
1.5354163267948966
1.5366363267948966
1.5378563267948966
1.5390763267948964
1.5402963267948966
1.5415163267948964
1.5427363267948966
1.5439563267948966
1.5451763267948966
1.5463963267948966
1.5476163267948966
1.5488363267948966
1.5500563267948964
1.5512763267948966
1.5524963267948966
1.5537163267948966
1.5549363267948966
1.5561563267948966
1.5573763267948966
1.5585963267948966
1.5598163267948966
1.5610363267948963
1.5622563267948966
1.5634763267948966
1.5646963267948966
1.5659163267948966
1.5671363267948966
1.5683563267948966
1.5695763267948966
1.5707963267948966