1.5707963267948966
1.5720163267948966
1.5732363267948966
1.5744563267948966
1.5756763267948966
1.5768963267948966
1.5781163267948966
1.5793363267948966
1.5805563267948965
1.5817763267948965
1.5829963267948965
1.5842163267948965
1.5854363267948965
1.5866563267948965
1.5878763267948965
1.5890963267948965
1.5903163267948965
1.5915363267948965
1.5927563267948965
1.5939763267948965
1.5951963267948965
1.5964163267948965
1.5976363267948965
1.5988563267948965
1.6000763267948965
1.6012963267948965
1.6025163267948965
1.6037363267948965
1.6049563267948965
1.6061763267948965
1.6073963267948965
1.6086163267948965
1.6098363267948965
1.6110563267948965
1.6122763267948965
1.6134963267948965
1.6147163267948965
1.6159363267948963
1.6171563267948965
1.6183763267948965
1.6195963267948965
1.6208163267948965
1.6220363267948965
1.6232563267948965
1.6244763267948965
1.6256963267948965
1.6269163267948963
1.6281363267948965
1.6293563267948965
1.6305763267948965
1.6317963267948965
1.6330163267948965
1.6342363267948965
1.6354563267948965
1.6366763267948965
1.6378963267948963
1.6391163267948965
1.6403363267948965
1.6415563267948965
1.6427763267948965
1.6439963267948965
1.6452163267948967
1.6464363267948965
1.6476563267948967
1.6488763267948963
1.6500963267948967
1.6513163267948965
1.6525363267948967
1.6537563267948965
1.6549763267948967
1.6561963267948965
1.6574163267948967
1.6586363267948965
1.6598563267948965
1.6610763267948967
1.6622963267948965
1.6635163267948967
1.6647363267948965
1.6659563267948967
1.6671763267948967
1.6683963267948965
1.6696163267948967
1.6708363267948965
1.6720563267948967
1.6732763267948965
1.6744963267948967
1.6757163267948965
1.6769363267948967
1.6781563267948967
1.6793763267948965
1.6805963267948967
1.6818163267948965
1.6830363267948967
1.6842563267948965
1.6854763267948967
1.6866963267948964
1.6879163267948967
1.6891363267948964
1.6903563267948964
1.6915763267948967
1.6927963267948964
1.6940163267948967
1.6952363267948964
1.6964563267948967
1.6976763267948964
1.6988963267948964
1.7001163267948964
1.7013363267948964
1.7025563267948967
1.7037763267948964
1.7049963267948967
1.7062163267948964
1.7074363267948967
1.7086563267948964
1.7098763267948967
1.7110963267948964
1.7123163267948964
1.7135363267948966
1.7147563267948964
1.7159763267948966
1.7171963267948964
1.7184163267948966
1.7196363267948964
1.7208563267948964
1.7220763267948964
1.7232963267948964
1.7245163267948966
1.7257363267948964
1.7269563267948966
1.7281763267948964
1.7293963267948966
1.7306163267948964
1.7318363267948966
1.7330563267948964
1.7342763267948964
1.7354963267948966
1.7367163267948964
1.7379363267948966
1.7391563267948964
1.7403763267948966
1.7415963267948964
1.7428163267948966
1.7440363267948964
1.7452563267948966
1.7464763267948966
1.7476963267948964
1.7489163267948966
1.7501363267948964
1.7513563267948964
1.7525763267948964
1.7537963267948964
1.7550163267948964
1.7562363267948964
1.7574563267948966
1.7586763267948964
1.7598963267948966
1.7611163267948964
1.7623363267948966
1.7635563267948964
1.7647763267948966
1.7659963267948964
1.7672163267948964
1.7684363267948964
1.7696563267948964
1.7708763267948966
1.7720963267948964
1.7733163267948966
1.7745363267948964
1.7757563267948966
1.7769763267948964
1.7781963267948966
1.7794163267948964
1.7806363267948964
1.7818563267948966
1.7830763267948964
1.7842963267948966
1.7855163267948966
1.7867363267948964
1.7879563267948966
1.7891763267948964
1.7903963267948966
1.7916163267948964
1.7928363267948964
1.7940563267948963
1.7952763267948963
1.7964963267948963
1.7977163267948968
1.7989363267948963
1.8001563267948968
1.8013763267948963
1.8025963267948968
1.8038163267948966
1.8050363267948968
1.8062563267948966
1.8074763267948966
1.8086963267948963
1.8099163267948966
1.8111363267948963
1.8123563267948966
1.8135763267948963
1.8147963267948966
1.8160163267948963
1.8172363267948966
1.8184563267948963
1.8196763267948968
1.8208963267948963
1.8221163267948968
1.8233363267948963
1.8245563267948968
1.8257763267948963
1.8269963267948965
1.8282163267948963
1.8294363267948965
1.8306563267948968
1.8318763267948965
1.8330963267948968
1.8343163267948965
1.8355363267948968
1.8367563267948965
1.8379763267948965
1.8391963267948963
1.8404163267948965
1.8416363267948963
1.8428563267948965
1.8440763267948967
1.8452963267948965
1.8465163267948967
1.8477363267948965
1.8489563267948967
1.8501763267948965
1.8513963267948965
1.8526163267948963
1.8538363267948965
1.8550563267948967
1.8562763267948965
1.8574963267948967
1.8587163267948965
1.8599363267948967
1.8611563267948965
1.8623763267948967
1.8635963267948963
1.8648163267948965
1.8660363267948967
1.8672563267948965
1.8684763267948967
1.8696963267948963
1.8709163267948965
1.8721363267948963
1.8733563267948965
1.8745763267948963
1.8757963267948965
1.8770163267948967
1.8782363267948965
1.8794563267948967
1.8806763267948965
1.8818963267948967
1.8831163267948963
1.8843363267948965
1.8855563267948963
1.8867763267948965
1.8879963267948967
1.8892163267948965
1.8904363267948967
1.8916563267948965
1.8928763267948967
1.8940963267948965
1.8953163267948967
1.8965363267948963
1.8977563267948965
1.8989763267948967
1.9001963267948965
1.9014163267948967
1.9026363267948965
1.9038563267948967
1.9050763267948965
1.9062963267948967
1.9075163267948965
1.9087363267948967
1.9099563267948967
1.9111763267948965
1.9123963267948967
1.9136163267948965
1.9148363267948967
1.9160563267948965
1.9172763267948967
1.9184963267948965
1.9197163267948967
1.9209363267948965
1.9221563267948967
1.9233763267948965
1.9245963267948962
1.9258163267948964
1.9270363267948962
1.9282563267948967
1.9294763267948962
1.9306963267948967
1.9319163267948962
1.9331363267948967
1.9343563267948964
1.9355763267948967
1.9367963267948964
1.9380163267948967
1.9392363267948964
1.9404563267948967
1.9416763267948964
1.9428963267948967
1.9441163267948964
1.9453363267948964
1.9465563267948962
1.9477763267948964
1.9489963267948962
1.9502163267948966
1.9514363267948962
1.9526563267948966
1.9538763267948962
1.9550963267948966
1.9563163267948966
1.9575363267948966
1.9587563267948966
1.9599763267948966
1.9611963267948964
1.9624163267948966
1.9636363267948964
1.9648563267948966
1.9660763267948964
1.9672963267948966
1.9685163267948964
1.9697363267948966
1.9709563267948964
1.9721763267948966
1.9733963267948962
1.9746163267948966
1.9758363267948962
1.9770563267948966
1.9782763267948966
1.9794963267948966
1.9807163267948966
1.9819363267948966
1.9831563267948966
1.9843763267948966
1.9855963267948966
1.9868163267948966
1.9880363267948964
1.9892563267948966
1.9904763267948964
1.9916963267948966
1.9929163267948964
1.9941363267948966
1.9953563267948964
1.9965763267948966
1.9977963267948964
1.9990163267948966
2.000236326794896
2.0014563267948966
2.002676326794896
2.0038963267948966
2.005116326794896
2.0063363267948966
2.0075563267948966
2.008776326794896
2.0099963267948966
2.011216326794896
2.0124363267948966
2.013656326794896
2.014876326794896
2.0160963267948966
2.017316326794896
2.0185363267948966
2.019756326794896
2.0209763267948966
2.022196326794896
2.0234163267948966
2.0246363267948966
2.0258563267948966
2.0270763267948966
2.028296326794896
2.0295163267948966
2.030736326794896
2.0319563267948966
2.033176326794896
2.0343963267948966
2.0356163267948966
2.0368363267948966
2.0380563267948966
2.0392763267948966
2.0404963267948966
2.0417163267948966
2.0429363267948966
2.044156326794896
2.0453763267948966
2.0465963267948966
2.0478163267948966
2.0490363267948966
2.0502563267948966
2.0514763267948966
2.0526963267948966
2.0539163267948966
2.0551363267948966
2.0563563267948965
2.0575763267948965
2.0587963267948965
2.0600163267948965
2.0612363267948965
2.0624563267948965
2.0636763267948965
2.0648963267948965
2.0661163267948965
2.0673363267948965
2.0685563267948965
2.0697763267948965
2.0709963267948965
2.0722163267948965
2.0734363267948965
2.0746563267948965
2.0758763267948965
2.0770963267948965
2.0783163267948965
2.0795363267948965
2.0807563267948965
2.0819763267948965
2.0831963267948965
2.0844163267948965
2.0856363267948965
2.0868563267948965
2.0880763267948965
2.0892963267948965
2.0905163267948965
2.091736326794896
2.0929563267948965
2.094176326794896
2.0953963267948965
2.096616326794896
2.0978363267948965
2.099056326794896
2.1002763267948965
2.101496326794896
2.1027163267948965
2.1039363267948965
2.1051563267948965
2.1063763267948965
2.1075963267948965
2.1088163267948965
2.1100363267948965
2.1112563267948965
2.1124763267948965
2.1136963267948965
2.1149163267948965
2.1161363267948965
2.1173563267948965
2.118576326794896
2.1197963267948965
2.121016326794896
2.1222363267948965
2.123456326794896
2.1246763267948965
2.1258963267948965
2.1271163267948965
2.1283363267948965
2.1295563267948965
2.1307763267948965
2.1319963267948965
2.1332163267948965
2.1344363267948965
2.1356563267948965
2.1368763267948965
2.1380963267948965
2.1393163267948965
2.1405363267948965
2.1417563267948965
2.1429763267948965
2.1441963267948965
2.145416326794896
2.1466363267948965
2.1478563267948965
2.1490763267948965
2.1502963267948965
2.1515163267948965
2.1527363267948965
2.153956326794897
2.1551763267948965
2.1563963267948965
2.1576163267948965
2.1588363267948965
2.1600563267948965
2.1612763267948965
2.1624963267948965
2.1637163267948964
2.1649363267948964
2.1661563267948964
2.1673763267948964
2.1685963267948964
2.1698163267948964
2.1710363267948964
2.1722563267948964
2.1734763267948964
2.1746963267948964
2.1759163267948964
2.1771363267948964
2.1783563267948964
2.1795763267948964
2.1807963267948964
2.1820163267948964
2.1832363267948964
2.1844563267948964
2.1856763267948964
2.1868963267948964
2.1881163267948964
2.1893363267948964
2.1905563267948964
2.1917763267948964
2.1929963267948964
2.1942163267948964
2.1954363267948964
2.1966563267948964
2.1978763267948964
2.1990963267948964
2.2003163267948964
2.2015363267948964
2.2027563267948964
2.2039763267948964
2.2051963267948964
2.2064163267948964
2.2076363267948964
2.2088563267948964
2.2100763267948964
2.2112963267948964
2.2125163267948964
2.2137363267948964
2.2149563267948964
2.2161763267948964
2.2173963267948964
2.2186163267948964
2.2198363267948964
2.2210563267948964
2.2222763267948964
2.2234963267948964
2.2247163267948964
2.2259363267948964
2.2271563267948964
2.2283763267948964
2.2295963267948964
2.2308163267948964
2.2320363267948964
2.233256326794897
2.2344763267948964
2.2356963267948964
2.2369163267948964
2.2381363267948964
2.2393563267948964
2.2405763267948964
2.2417963267948964
2.2430163267948964
2.244236326794897
2.2454563267948964
2.246676326794897
2.2478963267948964
2.2491163267948964
2.2503363267948964
2.2515563267948964
2.2527763267948964
2.2539963267948964
2.255216326794897
2.2564363267948964
2.257656326794897
2.2588763267948964
2.260096326794897
2.2613163267948964
2.2625363267948964
2.2637563267948964
2.2649763267948964
2.266196326794897
2.2674163267948964
2.268636326794897
2.2698563267948964
2.271076326794897
2.2722963267948963
2.273516326794897
2.2747363267948963
2.2759563267948963
2.2771763267948963
2.2783963267948963
2.2796163267948963
2.2808363267948963
2.2820563267948963
2.2832763267948963
2.2844963267948963
2.2857163267948963
2.2869363267948963
2.2881563267948963
2.2893763267948963
2.2905963267948963
2.2918163267948963
2.2930363267948963
2.2942563267948963
2.2954763267948963
2.2966963267948963
2.2979163267948963
2.2991363267948963
2.3003563267948963
2.3015763267948963
2.3027963267948963
2.3040163267948963
2.3052363267948963
2.3064563267948963
2.3076763267948963
2.3088963267948963
2.3101163267948963
2.3113363267948963
2.3125563267948963
2.3137763267948963
2.3149963267948963
2.3162163267948963
2.3174363267948968
2.3186563267948963
2.3198763267948963
2.3210963267948963
2.3223163267948963
2.3235363267948963
2.3247563267948963
2.3259763267948963
2.3271963267948963
2.3284163267948967
2.3296363267948963
2.3308563267948967
2.3320763267948963
2.3332963267948967
2.3345163267948963
2.3357363267948963
2.3369563267948963
2.3381763267948963
2.3393963267948967
2.3406163267948963
2.3418363267948967
2.3430563267948963
2.3442763267948967
2.3454963267948963
2.3467163267948967
2.3479363267948963
2.3491563267948963
2.3503763267948967
2.3515963267948963
2.3528163267948967
2.3540363267948963
2.3552563267948967
2.3564763267948963
2.3576963267948967
2.3589163267948963
2.3601363267948967
2.3613563267948963
2.3625763267948963
2.3637963267948967
2.3650163267948963
2.3662363267948967
2.3674563267948963
2.3686763267948967
2.3698963267948963
2.3711163267948967
2.3723363267948963
2.3735563267948967
2.3747763267948967
2.3759963267948963
2.3772163267948967
2.3784363267948962
2.3796563267948967
2.3808763267948962
2.3820963267948967
2.3833163267948962
2.3845363267948967
2.3857563267948967
2.3869763267948967
2.3881963267948967
2.3894163267948962
2.3906363267948967
2.3918563267948962
2.3930763267948967
2.3942963267948962
2.3955163267948967
2.3967363267948967
2.3979563267948967
2.3991763267948967
2.4003963267948967
2.4016163267948967
2.4028363267948962
2.4040563267948967
2.4052763267948962
2.4064963267948967
2.4077163267948962
2.4089363267948967
2.4101563267948967
2.4113763267948967
2.4125963267948967
2.4138163267948967
2.4150363267948967
2.416256326794896
2.4174763267948967
2.418696326794896
2.4199163267948967
2.421136326794896
2.4223563267948967
2.4235763267948967
2.4247963267948967
2.4260163267948966
2.4272363267948966
2.4284563267948966
2.429676326794896
2.4308963267948966
2.432116326794896
2.433336326794896
2.434556326794896
2.435776326794896
2.436996326794896
2.438216326794896
2.4394363267948966
2.440656326794896
2.4418763267948966
2.443096326794896
2.4443163267948966
2.445536326794896
2.446756326794896
2.447976326794896
2.4491963267948966
2.4504163267948966
2.451636326794896
2.452856326794896
2.4540763267948966
2.4552963267948966
2.456516326794896
2.457736326794896
2.458956326794896
2.4601763267948966
2.4613963267948966
2.462616326794896
2.463836326794896
2.4650563267948966
2.4662763267948966
2.467496326794896
2.468716326794896
2.4699363267948966
2.4711563267948966
2.4723763267948966
2.473596326794896
2.474816326794896
2.4760363267948966
2.4772563267948966
2.478476326794896
2.479696326794896
2.4809163267948966
2.4821363267948966
2.4833563267948966
2.484576326794896
2.485796326794896
2.4870163267948966
2.4882363267948966
2.489456326794896
2.490676326794896
2.4918963267948966
2.4931163267948966
2.4943363267948966
2.495556326794896
2.4967763267948966
2.4979963267948966
2.4992163267948966
2.500436326794896
2.501656326794896
2.5028763267948966
2.5040963267948966
2.505316326794896
2.506536326794896
2.5077563267948966
2.5089763267948966
2.5101963267948966
2.511416326794896
2.5126363267948966
2.5138563267948966
2.5150763267948966
2.516296326794896
2.517516326794896
2.5187363267948966
2.5199563267948966
2.5211763267948966
2.522396326794896
2.5236163267948966
2.5248363267948966
2.5260563267948966
2.527276326794896
2.528496326794896
2.5297163267948966
2.5309363267948966
2.5321563267948966
2.533376326794896
2.5345963267948965
2.5358163267948965
2.5370363267948965
2.538256326794896
2.5394763267948965
2.5406963267948965
2.5419163267948965
2.5431363267948965
2.544356326794896
2.5455763267948965
2.5467963267948965
2.5480163267948965
2.549236326794896
2.5504563267948965
2.5516763267948965
2.5528963267948965
2.5541163267948965
2.555336326794896
2.5565563267948965
2.5577763267948965
2.5589963267948965
2.560216326794896
2.5614363267948965
2.5626563267948965
2.5638763267948965
2.5650963267948965
2.5663163267948965
2.5675363267948965
2.5687563267948965
2.5699763267948965
2.571196326794896
2.5724163267948965
2.5736363267948965
2.5748563267948965
2.5760763267948965
2.5772963267948965
2.5785163267948965
2.5797363267948965
2.5809563267948965
2.582176326794896
2.5833963267948965
2.5846163267948965
2.5858363267948965
2.5870563267948965
2.5882763267948965
2.589496326794896
2.590716326794896
2.5919363267948965
2.5931563267948965
2.5943763267948965
2.595596326794896
2.5968163267948965
2.5980363267948965
2.5992563267948965
2.600476326794896
2.601696326794896
2.6029163267948965
2.6041363267948965
2.6053563267948965
2.606576326794896
2.6077963267948965
2.6090163267948965
2.6102363267948965
2.611456326794896
2.612676326794896
2.6138963267948965
2.6151163267948965
2.6163363267948965
2.617556326794896
2.6187763267948965
2.6199963267948965
2.6212163267948965
2.622436326794896
2.6236563267948965
2.6248763267948965
2.6260963267948965
2.6273163267948965
2.628536326794896
2.6297563267948965
2.6309763267948965
2.6321963267948965
2.633416326794896
2.6346363267948965
2.6358563267948965
2.6370763267948965
2.6382963267948965
2.639516326794896
2.6407363267948964
2.6419563267948964
2.6431763267948964
2.644396326794896
2.6456163267948964
2.6468363267948964
2.6480563267948964
2.6492763267948964
2.6504963267948964
2.6517163267948964
2.6529363267948964
2.6541563267948964
2.655376326794896
2.6565963267948964
2.6578163267948964
2.6590363267948964
2.6602563267948964
2.6614763267948964
2.6626963267948964
2.6639163267948964
2.6651363267948964
2.666356326794896
2.6675763267948964
2.6687963267948964
2.6700163267948964
2.6712363267948964
2.6724563267948964
2.6736763267948964
2.6748963267948964
2.6761163267948964
2.6773363267948964
2.6785563267948964
2.6797763267948964
2.6809963267948964
2.682216326794896
2.6834363267948964
2.6846563267948964
2.6858763267948964
2.6870963267948964
2.6883163267948964
2.6895363267948964
2.6907563267948964
2.6919763267948964
2.693196326794896
2.6944163267948964
2.6956363267948964
2.6968563267948964
2.6980763267948964
2.6992963267948964
2.7005163267948964
2.7017363267948964
2.7029563267948964
2.7041763267948964
2.7053963267948964
2.7066163267948964
2.7078363267948964
2.7090563267948964
2.7102763267948964
2.7114963267948964
2.7127163267948964
2.7139363267948964
2.7151563267948964
2.7163763267948964
2.7175963267948964
2.7188163267948964
2.7200363267948964
2.7212563267948964
2.7224763267948964
2.7236963267948964
2.7249163267948964
2.7261363267948964
2.7273563267948964
2.7285763267948964
2.7297963267948964
2.731016326794897
2.7322363267948964
2.7334563267948964
2.7346763267948964
2.7358963267948964
2.7371163267948964
2.7383363267948964
2.7395563267948964
2.7407763267948964
2.7419963267948964
2.7432163267948964
2.744436326794896
2.7456563267948964
2.7468763267948964
2.7480963267948963
2.7493163267948963
2.750536326794896
2.7517563267948963
2.7529763267948963
2.7541963267948963
2.755416326794896
2.7566363267948963
2.7578563267948963
2.7590763267948963
2.7602963267948963
2.7615163267948963
2.7627363267948963
2.7639563267948963
2.7651763267948963
2.766396326794896
2.7676163267948963
2.7688363267948963
2.7700563267948963
2.7712763267948963
2.7724963267948963
2.7737163267948963
2.7749363267948963
2.7761563267948963
2.777376326794896
2.7785963267948963
2.7798163267948963
2.7810363267948963
2.7822563267948963
2.7834763267948963
2.7846963267948963
2.7859163267948963
2.7871363267948963
2.7883563267948963
2.7895763267948963
2.7907963267948963