36.019491354181774
35.96418272966812
35.90909420990428
35.854225169683474
35.79957444620719
35.745141004704486
35.690923740116965
35.6369212690825
35.58313276056142
35.52955691484527
35.476192649919696
35.423039244766116
35.37009539416507
35.317359787704945
35.26483112542602
35.21250832182497
35.160390997752984
35.10847794289705
35.05676784329305
35.005259395550766
34.95395138093131
34.90284350343442
34.85193477843822
34.80122391802422
34.75070964461357
34.70039069560121
34.6502666219068
34.600336756299335
34.55059984487256
34.50105464373032
34.45169991888608
34.40253477332023
34.35355871609013
34.30477077856395
34.25616998751855
34.2077553766366
34.159525986445956
34.11148086425977
34.06361906411712
34.015939646724384
33.968441679397095
33.921124244157944
33.873986528728345
33.82702767242317
33.78024679286673
33.73364301374057
33.68721546473246
33.640963281485845
33.59488560554987
33.54898158432985
33.50325037103835
33.457691124646615
33.41230303464477
33.367085314168946
33.32203714003537
33.277157693885556
33.23244616288293
33.18790173966721
33.14352362230925
33.09931101426631
33.05526312433778
33.01137916662134
32.96765835965001
32.92409992058909
32.8807030820263
32.83746708459193
32.794391173941335
32.75147460071436
32.70871662049519
32.666116493772556
32.62367348590042
32.58138686705892
32.53925591221578
32.49727986585288
32.45545795558816
32.413789470574336
32.372273705397724
32.33090995923624
32.289697535823024
32.24863574341051
32.20772389473472
32.16696130697995
32.12634730174382
32.085881205002615
32.04556234707696
32.005390062597854
31.965363690472987
31.925482573741483
31.885746022868208
31.84615335787603
31.806703931554438
31.767397100834653
31.728232226757516
31.689208674441584
31.650325813051587
31.611583015767174
31.572979659751915
31.53451512612263
31.496188799918983
31.45800007007339
31.419948329381157
31.382032974470942
31.344253404275285
31.306608989208303
31.269099122324373
31.23172321407345
31.194480678606748
31.15737093374867
31.120393400968936
31.083547505355043
31.046832675584877
31.010248343899683
30.97379394607721
30.937468921405113
30.90127271265463
30.865204766054493
30.829264531264997
30.793451461352436
30.757765012763677
30.722204645301005
30.68676982209715
30.651460009590615
30.61627467750115
30.58121327566407
30.546275241508344
30.511460053929365
30.476767195621424
30.44219615243996
30.407746413378344
30.37341747054494
30.3392088191403
30.30511995743455
30.271150386745028
30.23729961141413
30.20356713878728
30.16995247919117
30.136455145912127
30.103074655174744
30.069810526120634
30.036662280787425
30.00362944408789
29.970711543789267
29.93790811049284
29.90521866940049
29.87264270129021
29.840179734480756
29.80782931032521
29.775590972914003
29.743464269055444
29.711448748256394
29.679543962703175
29.647749467242527
29.616064819362855
29.58448957917555
29.553023309396533
29.521665575327916
29.490415944839825
29.459273988352386
29.428239278817916
29.397311391703155
29.366489904971754
29.335774399066878
29.305164456893927
29.274659663536866
29.244259562700147
29.21396371201813
29.183771703431464
29.15368313126396
29.12369759220613
29.093814685298884
29.06403401191733
29.03435517575477
29.004777782806762
28.975301441355374
28.945925761953514
28.916650357409473
28.887474842771514
28.858398835312624
28.829421954515414
28.800543822057115
28.77176406179472
28.74308229975024
28.714498164096064
28.686011285140495
28.657621277364182
28.629327722114137
28.60113025183074
28.57302850446779
28.545022120049794
28.517110740658136
28.489294010417268
28.461571575481138
28.433943084019628
28.406408186205187
28.378966534199478
28.351617782140256
28.32436158612822
28.29719760421409
28.27012549638573
28.24314492455537
28.216255552546944
28.189457046083575
28.162749072775075
28.13613130210564
28.10960340341315
28.08316501828415
28.05681580737883
28.03055544305147
28.004383599503797
27.978299952772822
27.952304180718848
27.926395963013498
27.90057498112794
27.874840918321095
27.849193459628026
27.823632291848384
27.798157103534944
27.77276758498227
27.74746342821539
27.722244326978696
27.69710997672477
27.67206007460345
27.647094319450872
27.62221241177867
27.597414053763224
27.57269894923501
27.548066803668053
27.5235173241694
27.49905021946875
27.474665199908134
27.450361977431672
27.426140265575427
27.401999779457316
27.377940235767134
27.353961352756624
27.33006285022965
27.30624444953242
27.28250587354385
27.258846846665893
27.235267094814056
27.21176634540792
27.188344327361772
27.165000771075306
27.141735408424346
27.118547972751742
27.09543819816295
27.072405816218982
27.049450561621775
27.02657217096982
27.003770382300804
26.98104493508267
26.95839557020479
26.935822029969167
26.913324058081724
26.890901399643646
26.868553801142827
26.846281010445328
26.82408277678696
26.80195885076486
26.779908984329236
26.75793293077504
26.736030444733856
26.714201282165707
26.692445200351038
26.670761957882693
26.649151314657985
26.6276130318708
26.606146872003812
26.584752598820682
26.5634299773584
26.542178773919616
26.520998756065076
26.499889692606082
26.478851353597033
26.457883510328028
26.43698593531749
26.41615840230489
26.39540068624348
26.374712563293127
26.354093810813175
26.333544207355366
26.313063532656805
26.29265156763301
26.27230809437096
26.25203289612227
26.23182575729634
26.21168646322606
26.191614799047006
26.171610550613966
26.15167350492883
26.131803450129922
26.112000175485335
26.092263471386385
26.072593129341023
26.052988941967385
26.03345070298734
26.013978207220088
25.99457125057583
25.975229630049462
25.95595314371432
25.936741590716004
25.917594771266177
25.898512486636495
25.879494539152514
25.860540732187683
25.841650870157377
25.822824758512922
25.80406220373577
25.785363013331608
25.766726995824563
25.748153960751466
25.729643718656135
25.711196081083656
25.692810860574816
25.67448787066047
25.65622692585602
25.63802784165587
25.619890434528003
25.601814521908516
25.583799922196256
25.565846454747472
25.547953939870496
25.53012219882047
25.51235105379413
25.4946403279246
25.476989845276243
25.45939943083956
25.44186890855529
25.424398101852862
25.406986836556964
25.389634939409472
25.37234223806367
25.35510856107918
25.337933737917034
25.320817598934738
25.30375997538137
25.286760699392726
25.269819603986488
25.252936523057436
25.236111291372712
25.21934374456708
25.202633719138245
25.185981052442198
25.169385582688612
25.15284714893624
25.136365591088378
25.119940749888336
25.10357246691495
25.087260584578154
25.071004946114517
25.05480539558289
25.038661777860014
25.022573938636242
25.006541724411186
24.99056498248949
24.974643560976595
24.95877730877451
24.94296607557767
24.92720971186876
24.911508068914642
24.895860998762217
24.88026835423443
24.864729988926193
24.849245757200414
24.83381551418403
24.818439115764043
24.803116418583645
24.787847279951382
24.772631554737345
24.75746909876498
24.74235976975656
24.727303426180605
24.712299927248
24.697349132908204
24.68245090384545
24.66760510147498
24.652811587939325
24.638070226104585
24.62338087955675
24.608743412598038
24.594157690243282
24.57962357821631
24.56514094294638
24.550709651564603
24.536329571900442
24.522000572478206
24.507722522513554
24.49349529191006
24.47931875125577
24.465192771819822
24.451117225549027
24.437091985064544
24.423116923658544
24.409191915290894
24.395316834585856
24.381491556828863
24.36771595796324
24.353989914587025
24.340313303949735
24.326686003949227
24.31310789312853
24.29957885067274
24.28609875640589
24.27266749078789
24.259284934911435
24.245950970499013
24.232665479899843
24.2194283460869
24.206239452335588
24.193098679609687
24.18000591039122
24.166961028257443
24.153963917402635
24.141014462635134
24.128112549374386
24.115258063648046
24.102450892089088
24.089690921932924
24.076978041014545
24.064312137765693
24.051693101212066
24.03912082097049
24.02659518724617
24.014116090829933
24.00168342309548
23.989297075996692
23.97695694206491
23.964662914406272
23.95241488669906
23.940212753191044
23.92805640869686
23.915945748595437
23.903880668827366
23.89186106589238
23.879886836846765
23.867957879300867
23.856074091416552
23.84423537190472
23.832441620022834
23.820692735572443
23.808988618896773
23.79732917087826
23.78571429293617
23.7741438870242
23.762617855628097
23.751136101763326
23.739698528972696
23.72830504132405
23.71695554340796
23.705649939783648
23.694388133339594
23.683170028254494
23.67199552935022
23.660864541966905
23.649776971960673
23.63873272570134
23.627731710070183
23.61677383245768
23.60585900076131
23.594987123383323
23.584158109228557
23.573371867702278
23.562628308707986
23.55192734264529
23.54126888040779
23.530652833380934
23.520079113439934
23.509547632947672
23.499058304752634
23.48861104218686
23.478205759063894
23.467842369676756
23.45752078879594
23.4472409316674
23.437002714010585
23.42680605201645
23.416650862345506
23.4065370621259
23.396464568951444
23.386433300879748
23.376443176430282
23.36649411458251
23.356586034774
23.346718856898587
23.33689250130451
23.32710688879258
23.317361940614365
23.307657578470373
23.297993724508263
23.288370301321084
23.27878723384879
23.269244447454632
23.25974186411935
23.250279406223214
23.24085699658958
23.231474558483132
23.222132015608082
23.212829292106434
23.20356631255624
23.194343001969877
23.185159285792317
23.176015089899433
23.1669103405963
23.157844964615524
23.148818889115564
23.13983204167909
23.13088435031132
23.121975743438412
23.113106149905825
23.104275498976723
23.095483720330364
23.086730744060546
23.078016500674
23.06934092108884
23.060703936633036
23.05210547904283
23.04354548046126
23.035023873436593
23.026540590920867
23.018095566268364
23.009688733234153
23.00132002597259
22.99298937903588
22.984696727372622
22.97644200632637
22.968225151634186
22.960046099425263
22.951904786219472
22.943801148926003
22.935735124841955
22.927706651650972
22.919715667421876
22.9117621106073
22.90384592004237
22.89596703494335
22.88812539490631
22.880320939905843
22.87255361029373
22.86482334679765
22.85713009051992
22.8494737829362
22.84185436595018
22.83427178054849
22.82672596727755
22.819216867056536
22.81174442117703
22.804308571301735
22.796909259463206
22.78954642806256
22.782220019868255
22.774929978014804
22.767676246001567
22.760458767691503
22.753277487309965
22.746132349443492
22.73902329903859
22.731950281400565
22.72491324219233
22.71791212743323
22.710946883497883
22.704017457115043
22.697123795366416
22.690265845685563
22.683443555856762
22.67665687401388
22.66990574863927
22.66319012856268
22.656509962960154
22.64986520135295
22.64325579360646
22.636681689929162
22.630142840871557
22.623639197325115
22.617170710521233
22.610737332030222
22.604339013760267
22.597975707956426
22.591647367199624
22.585353944405636
22.57909539282413
22.572871666037656
22.566682717960703
22.56052850283871
22.554408975247128
22.548324090090453
22.54227380260131
22.536258068339503
22.5302768431911
22.52433008336751
22.51841774540458
22.512539786161707
22.506696162820063
22.500886831529876
22.495111747492853
22.48937086678686
22.483664145813055
22.47799154129494
22.472353010277494
22.466748510126244
22.461177998526363
22.455641433481812
22.45013877331443
22.444669976663064
22.439235002482743
22.433833810043758
22.428466358930866
22.423132609042426
22.41783252058956
22.412566054095347
22.40733317039397
22.402133830629932
22.396967996257256
22.391835629038653
22.38673669104476
22.381671144653357
22.37663895254859
22.37164007772017
22.366674483462674
22.361742133374733
22.35684299135832
22.35197702161799
22.34714418866017
22.342344457292402
22.337577792622657
22.332844160058603
22.328143525306906
22.323475854372525
22.318841113558044
22.314239269462956
22.30967028898301
22.305134139309526
22.300630787928757
22.29616020262118
22.291722351460912
22.28731720281501
22.282944725342876
22.27860488799559
22.274297660015332
22.270023010934704
22.26578091057619
22.26157132905149
22.257394236760966
22.25324960438885
22.24913740205641
22.24505759891822
22.241010164420747
22.236995068299183
22.233012280576858
22.229061771564613
22.22514351186019
22.221257472347627
22.21740362419668
22.213581938862223
22.209792388083667
22.206034943884383
22.20230957857113
22.198616264733513
22.1949549752434
22.191325683254398
22.18772836220127
22.18416298579945
22.180629528044467
22.177127963211447
22.173658265854584
22.17022041080663
22.166814373178383
22.163440128358197
22.160097652011483
22.156786920080226
22.153507908782483
22.15026059461194
22.147044954337424
22.143860965002425
22.140708603924676
22.13758784869566
22.13449867718021
22.131441067516022
22.128414998113254
22.125420447654086
22.1224573950923
22.119525819652875
22.116625700831552
22.11375701839446
22.110919752377686
22.108113883086922
22.10533939109704
22.10259625725174
22.09988446266316
22.0972039887115
22.09455481704468
22.09193692957798
22.089350308493664
22.08679493624066
22.084270795636336
22.08177787295685
22.079316151431755
22.076885612385595
22.07448623740989
22.072118008362736
22.06978090736847
22.067474916817293
22.065200019364912
22.062956197932184
22.06074343570478
22.058561716132846
22.056411022930664
22.05429134007632
22.05220265181139
22.05014494264062
22.048118197331615
22.046122400914527
22.044157538681766
22.042223596187696
22.040320559248347
22.03844841394114
22.036607146604602
22.034796743838093
22.03301719250154
22.031268479715173
22.029550592859287
22.027863519573962
22.026207247758848
22.0245817655729
22.02298706143417
22.02142312401955
22.019889942264566
22.018387505363172
22.016915802767517
22.01547482418774
22.014064559591784
22.01268499920519
22.01133613351091
22.010017953249108
22.008730449417012
22.00747361326871
22.006247436315
22.005051910323214
22.00388702731706
22.002752779576486
22.001649159637523
22.00057616029213
21.999533774588077
21.99852199582881
21.99754081757332
21.996590233636017
21.995670238086635
21.9947808252501
21.993921989706447
21.993093726290688
21.992296030092767
21.991528896457424
21.99079232098414
21.990086299817964
21.98941082979001
21.988765905336656
21.988151520821827
21.987567670864312
21.987014350337642
21.986491554369998
21.985999278344078
21.98553751789704
21.985106268920358
21.984705527559786
21.984335290215245
21.983995553540748
21.983686314444345
21.98340757008804
21.983159317887736
21.98294155551319
21.982754280887928
21.98259749218926
21.98247118784817
21.98237536654934
21.982310027231094
21.982275169085366
21.982270791557696
21.982296894347222
21.982353477406658
21.982440540942292
21.982558085414
21.982706111535236
21.982884620273072
21.983093612848183
21.9833330907349
21.98360305566122
21.983903509608844
21.984234454813222
21.984595893763597
21.984987829203046
21.985410264128554
21.985863201791037
21.986346645695463
21.98686059960087
21.98740506752048
21.98798005372176
21.98858556272651
21.98922159931097
21.9898881685059
21.9905852755967
21.9913129261235
21.992071125881285
21.992859880920015
21.993679197544736
21.994529082315736
21.99540954204865
21.996320583814615
21.997262214940417
21.998234443008638
21.99923727585781
22.000270721582577
22.00133478853388
22.00242948501379
22.003554818059328
22.004710794510373
22.005897421463434
22.007114706271146
22.008362656542403
22.009641280142468
22.010950585193157
22.012290580072982
22.01366127341728
22.01506267411842
22.016494791325925
22.01795763444668
22.019451213145103
22.020975537343315
22.022530617221346
22.024116463217315
22.02573308602765
22.02738049660727
22.029058706169817
22.03076772618786
22.032507568393118
22.0342782447767
22.036079767589317
22.037912149341544
22.039775402804043
22.041669541007824
22.043594577244505
22.045550525066556
22.047537398287577
22.049555210982575
22.051603977488217
22.053683712403142
22.055794430588243
22.057936147166934
22.060108877525487
22.062312637313312
22.06454744244328
22.066813309092034
22.06911025370031
22.07143829297327
22.073797443880828
22.076187723658006
22.078609149805246
22.081061740088796
22.083545512541047
22.086060485460894
22.088606677414116
22.09118410723373
22.0937927940204
22.096432757142782
22.09910401623795
22.10180659121178
22.10454050223934
22.107305769765333
22.110102414504453
22.11293045744187
22.115789919833613
22.118680823094873
22.121603184568638
22.12455702222161
22.12754235593251
22.1305592058503
22.13360759239463
22.136687536256158
22.13979905839701
22.142942180051172
22.14611692272488
22.14932330819708
22.152561358519822
22.155831096018705
22.159132543293314
22.162465723217665
22.165830658940646
22.169227373886482
22.172655891755205
22.176116236523086
22.179608432443157
22.183132504045656
22.186688476138528
22.190276373807908
22.193896222418637
22.19754804761475
22.201231875319976
22.2049477317383
22.20869564335443
22.212475636934368
22.216287739525924
22.220131978459275
22.22400838134749
22.227916976087094
22.231857790858655
22.235830854127308
22.239836194643367
22.243873841442863
22.247943823848185
22.252046171468617
22.256180914200986
22.260348082230234
22.264547706030044
22.26877981636346
22.273044444283503
22.277341621133825
22.28167137854933
22.286033748456813
22.290428763075635
22.294856454918364
22.29931685679145
22.30381000179589
22.308335923327913
22.312894655079674
22.317486231039922
22.322110685494724
22.326768053028168
22.331458368523062
22.33618166716167
22.340937984426443
22.345727362090734
22.350549870532575
22.355405556954658
22.360294464442674
22.36521663639832
22.37017211654027
22.375160948905148
22.380183177848508
22.385238848038437
22.390327918023146
22.395450349579537
22.400606187986135
22.40579547884202
22.411018268067874
22.41627460190699
22.42156452692632
22.426888090017492
22.432245338397895
22.437636319611695
22.44306108153096
22.44851967235667
22.454012140619852
22.459538535182652
22.465098905239444
22.470693300317915
22.47632177028022
22.48198433047108
22.487680986120886
22.493411779591614
22.499176753608094
22.504975951216423
22.510809415784873
22.516677191004774
22.52257932089145
22.528515849785123
22.534486822351866
22.54049228358452
22.54653227880366
22.55260685365854
22.558716054128055
22.564859926521716
22.571038517480634
22.577251873978504
22.583500043322587
22.58978307315474
22.59610101145242
22.602453906529675
22.60884180703824
22.615264761968493
22.621722820650575
22.628216032728098
22.63474444521957
22.641308105254804
22.647907061822746
22.65454136425333
22.661211062218502
22.66791620573331
22.674656845156914
22.681433031193684
22.688244814894286
22.695092247656724
22.70197538122748
22.708894267702593
22.715848959528774
22.722839509504528
22.72986597078129
22.736928396864545
22.744026841614993
22.751161359249707
22.758332004343284
22.765538831829026
22.77278189700014
22.780061255510912