14.472617807108948
14.47256051615815
14.472522250733826
14.472503268514446
14.472503694453247
14.472523591014497
14.472562679422216
14.472619964087704
14.472695825002338
14.472791313029976
14.472906980344666
14.47304196744011
14.473196078454661
14.473369532847148
14.473562433707938
14.47377474102535
14.474006386499969
14.47425732468845
14.474527584013645
14.474817193935667
14.475126182403978
14.475454532378016
14.475802234776168
14.47616929581671
14.476555721874073
14.47696151436527
14.47738665904832
14.477831159619921
14.478295022045797
14.478778252447853
14.479280857104337
14.479802842449967
14.480344215076073
14.48090498173076
14.481485147584799
14.482084698980135
14.4827036369845
14.48334196883163
14.483999701912314
14.484676843774551
14.485373402123718
14.486089384822746
14.48682479989227
14.487579655356964
14.488353938236553
14.489147642616203
14.489960778098169
14.490793354443197
14.49164538157076
14.492516869559273
14.4934078286463
14.494318269228808
14.495248201863387
14.496197626425213
14.497166533296939
14.498154932103342
14.499162833057412
14.500190246531885
14.501237183059473
14.502303653333094
14.503389668206092
14.50449523869248
14.50562037165397
14.506765058004218
14.507929304468801
14.509113120205399
14.51031651453145
14.511539496924339
14.512782077021592
14.514044264621063
14.515326069681134
14.51662750232091
14.517948572820426
14.519289291620865
14.520649669324742
14.522029716696137
14.523429444660914
14.524848864306923
14.526287986884244
14.527746823805396
14.529225386583956
14.530723667645944
14.532241663521116
14.533779386255473
14.535336848058082
14.536914061301315
14.538511038521106
14.5401277924172
14.541764335853415
14.5434206818579
14.545096843623389
14.546792834507487
14.548508668032925
14.550244357887838
14.551999917926052
14.553775362167345
14.555570704797756
14.557385960169853
14.559221142803041
14.561076265054684
14.562951329505276
14.564846348357797
14.566761335580079
14.568696305306712
14.570651271839345
14.572626249646945
14.574621253366097
14.576636297801297
14.57867139792523
14.58072656887908
14.582801825972828
14.584897184685556
14.58701266066575
14.589148269731616
14.591304027871402
14.593479951243694
14.595676045782229
14.597892311849535
14.600128766186284
14.602385425900902
14.604662308273724
14.606959430757358
14.60927681097702
14.611614466730895
14.613972415990512
14.616350676901085
14.618749267781885
14.62116820712663
14.623607513603826
14.626067206057185
14.628547303505972
14.631047825145409
14.63356878654138
14.636110189226203
14.638672049818759
14.64125438730186
14.643857220834576
14.6464805697526
14.649124453568637
14.651788891972807
14.654473904833019
14.657179512195396
14.659905734284653
14.662652591504523
14.665420104438155
14.668208293848537
14.671017180678907
14.673846786053183
14.67669713076354
14.679568225250675
14.682460086264971
14.685372735065181
14.688306193091698
14.691260481967007
14.6942356234961
14.697231639666924
14.700248552650818
14.703286384802967
14.706345158662838
14.709424896954658
14.712525622587851
14.715647358657508
14.718790128444862
14.721953955417757
14.725138863231104
14.728344867275213
14.73157198091827
14.734820228152826
14.738089633190967
14.741380220433674
14.744692014471294
14.748025040084055
14.751379322242556
14.754754886108291
14.758151757034158
14.761569960564975
14.765009522437996
14.768470468583459
14.771952825125087
14.77545661838065
14.778981874862497
14.782528618044553
14.786096862656992
14.789686634145253
14.79329795924891
14.796930864903526
14.800585378241205
14.80426152659115
14.807959337480238
14.811678838633561
14.815420057975013
14.819183023627858
14.822967763915305
14.826774307361106
14.83060268269013
14.834452918828962
14.838325044906508
14.842219089709827
14.846135074839918
14.850073026837116
14.854032974887758
14.858014948381753
14.862018976913191
14.866045090280965
14.870093318489355
14.874163691748683
14.87825624047591
14.882370995295279
14.886507987038947
14.890667246747613
14.89484880567119
14.899052695269416
14.903278947212542
14.907527593381753
14.9117986593506
14.916092170508172
14.920408158552657
14.92474665539398
14.929107693154467
14.933491304169507
14.937897520988216
14.942326376374126
14.946777903305854
14.951252134977796
14.955749104800809
14.960268846402917
14.964811393630006
14.969376780546536
14.97396504143625
14.978576210802895
14.983210323670091
14.987867415358362
14.992547520039965
14.997250672032392
15.0019769058741
15.006726256325232
15.011498758368335
15.016294447209091
15.021113358277052
15.02595552722637
15.030820989936553
15.035709782513209
15.040621941288805
15.045557502823423
15.050516503905536
15.055498981552777
15.060504973301757
15.065534519495003
15.070587658426689
15.075664427850896
15.080764865754379
15.085889010357336
15.091036900114256
15.096208573714714
15.101404070084184
15.10662342838489
15.111866688016612
15.117133888617543
15.12242507006513
15.12774027247693
15.133079536211454
15.138442901869041
15.143830410294528
15.149242102951163
15.154678021292847
15.16013820666115
15.165622700643206
15.171131545072614
15.176664782030358
15.182222453845672
15.187804603097016
15.193411272612932
15.199042505473024
15.204698345008865
15.210378834804938
15.21608401869961
15.221813940786049
15.227568645413223
15.233348177186839
15.239152581267705
15.24498190319243
15.250836187803758
15.256715480167086
15.26261982560771
15.268549269711855
15.274503858327632
15.280483637566078
15.286488653802158
15.292518953675769
15.298574584092783
15.304655592226078
15.310762025516585
15.316893931674324
15.323051358679471
15.329234354783408
15.335442968509826
15.341677248655762
15.347937244292726
15.354223004767762
15.360534579704577
15.366872019004635
15.373235372848278
15.37962469169586
15.386040026288871
15.392481427651088
15.398948947089714
15.405442636196547
15.411962546849137
15.418508731211977
15.425081241737658
15.431680131168092
15.43830545251667
15.444957257598618
15.451635598493427
15.458340528284117
15.465072100346175
15.471830368348757
15.47861538625591
15.485427208327797
15.492265889121933
15.499131483494434
15.506024046601263
15.512943633899502
15.51989030114862
15.526864104411743
15.533865100056962
15.540893344758617
15.547948895498605
15.555031809567701
15.562142144566888
15.569279958408679
15.576445309318473
15.583638255835902
15.590858856816201
15.598107171431565
15.605383259172557
15.612687179849468
15.620018993593753
15.627378760859411
15.634766542424426
15.642182399392198
15.649626393192962
15.657098585585269
15.664599038657434
15.672127814626679
15.67968497472258
15.687270580961854
15.694884695846264
15.702527382211187
15.710198703227075
15.717898722400964
15.725627503577982
15.733385110942855
15.741171609021443
15.748987062682273
15.756831537138096
15.764705097947429
15.772607811016146
15.780539742599046
15.788500959301446
15.796491528080791
15.80451151624826
15.812560991470402
15.82064002177076
15.828748675531537
15.836887021495231
15.845055128766333
15.853253066812991
15.861480905468719
15.869738714934087
15.878026565778464
15.886344528941716
15.894692675735978
15.90307107784739
15.911479807337884
15.919918936646939
15.928388538593381
15.936888688804359
15.945419463816297
15.953980936292043
15.96257317923012
15.971196266011718
15.979850270402551
15.988535266554633
15.997251329008128
16.0059985326932
16.01477695293187
16.023586665439883
16.032427746328587
16.041300272106852
16.05020431968296
16.059139966366534
16.068107289870493
16.077106368312982
16.08613728021935
16.09520010452412
16.10429492057299
16.11342180812483
16.12258084735372
16.13177211885098
16.140995703627194
16.150251683114305
16.159540139167685
16.168861154068228
16.178214810524448
16.18760119167461
16.197020381088866
16.206472462771398
16.215957521162615
16.225475641141298
16.235026908026814
16.244611407581345
16.25422922601209
16.263880449973524
16.27356516656966
16.283283463356323
16.29303542834344
16.302821149997357
16.312640717243145
16.322494219466968
16.33238174651843
16.34230338871293
16.352259236834097
16.36224938213615
16.372273916346355
16.38233293166747
16.392426520780187
16.402554776845605
16.41271779350776
16.4229156648961
16.43314848562804
16.4434163508115
16.453719356047475
16.46405759743261
16.47443117156183
16.48484017553093
16.495284706939252
16.505764863892292
16.516280745004448
16.526832449401645
16.537420076724125
16.54804372712911
16.558703501441443
16.569399500536242
16.58013182428931
16.590900573002493
16.601705847498447
16.61254774912339
16.623426379749873
16.63434184177956
16.64529423814608
16.6562836723178
16.667310248300755
16.67837407064145
16.689475244429794
16.70061387530201
16.711790069443577
16.72300393359216
16.734255575040642
16.74554510164006
16.75687262180269
16.768238244505042
16.779642079290962
16.79108423627469
16.802564826144
16.81408396016331
16.82564175017685
16.837238308611845
16.848873748481708
16.86054818338926
16.87226172753
16.884014495695354
16.895806603276
16.907638166265144
16.919509301261915
16.9314201254747
16.943370756724537
16.955361313448577
16.967391914703462
16.979462680168833
16.991573730150833
17.003725185585594
17.01591716804281
17.028149799729302
17.040423203492598
17.052737502824574
17.065092821865107
17.077489285405765
17.08992701889347
17.10240614843427
17.114926800797072
17.127489103417464
17.14009318440149
17.152739172529536
17.16542719726016
17.17815738873403
17.190929877777823
17.20374479590821
17.21660227533585
17.229502448969363
17.242445450419446
17.255431414002885
17.26846047474672
17.28153276839236
17.29464843139974
17.307807600951552
17.32101041495746
17.334257012005967
17.347547530316557
17.360882108000144
17.37426088390772
17.38768399762646
17.401151589484012
17.414663800552834
17.428220772654583
17.441822648364468
17.455469571015737
17.469161684704098
17.482899134292243
17.496682065414387
17.51051062448081
17.52438495868249
17.538305215995717
17.55227154518678
17.566284095816677
17.580343018245838
17.59444846363893
17.60860058396966
17.622799532025635
17.63704546141325
17.651338526562615
17.66567888273252
17.680066686015426
17.694502093342535
17.708985262488856
17.723516352078313
17.738095521588917
17.752722931357958
17.767398742587247
17.7821231173484
17.796896218588152
17.8117182101337
17.826589256698146
17.84150952388589
17.856479178198168
17.871498387038535
17.88656731871847
17.901686142462978
17.916855028416226
17.932074147647295
17.947343672155892
17.962663774878134
17.978034629692427
17.993456411425285
18.008929295857335
18.024453459729237
18.040029080747715
18.05565633759165
18.071335409918177
18.08706647836885
18.10284972457587
18.118685331168336
18.134573481778563
18.150514361048455
18.16650815463588
18.1825550492212
18.198655233249916
18.214808896968577
18.231016228356744
18.24727741619686
18.263592650312212
18.2799621215736
18.296386021905967
18.312864544295152
18.32939788279468
18.345986232532596
18.362629789718355
18.379328751649748
18.39608331671995
18.412893684424535
18.42976005536862
18.44668263127404
18.46366161498655
18.480697210483154
18.497789622879406
18.51493905843686
18.532145724570512
18.549409829856344
18.566731584038912
18.58411119803897
18.60154888396119
18.619044855101986
18.6365993259573
18.65421251223049
18.671884630840374
18.689615899929162
18.707406538870654
18.725256768278324
18.74316681001359
18.761136887194105
18.779167224202133
18.797258046692953
18.815409581603415
18.833622057160458
18.85189570288981
18.870230749624678
18.888627429514518
18.907085976033958
18.92560662399168
18.944189609539436
18.96283517018118
18.98154354478218
19.000314973578263
19.019149698185174
19.03804796160791
19.057010008250227
19.076036083924187
19.095126435859793
19.114281312714695
19.13350096458399
19.152785643010095
19.172135600992693
19.191551092998825
19.21103237497298
19.230579704347324
19.250193341965907
19.26987354932439
19.289620586177104
19.309434713779638
19.32931619490928
19.349265293875543
19.369282276530818
19.389367410281107
19.40952096409682
19.42974320852371
19.450034415693832
19.47039485933671
19.490824814790464
19.51132455901314
19.53189437059409
19.552534529765445
19.57324531841372
19.594027020091456
19.614879920029075
19.63580430514671
19.656800464066208
19.677868687123233
19.699009266379488
19.720222495634953
19.741508670440396
19.762868088109798
19.784301047733063
19.80580785018872
19.827388798156775
19.849044196131704
19.87077435043552
19.892579569230957
19.91446016253481
19.93641644223134
19.95844872208585
19.980557317758347
20.002742546817302
20.025004728753597
20.047344184994564
20.06976123891814
20.092256215867145
20.114829443163718
20.137481250123834
20.160211968072005
20.18302193035609
20.205911472362224
20.228880931529883
20.25193064736713
20.2750609614659
20.298272217517585
20.321564761328567
20.34493894083602
20.36839510612386
20.391933609438727
20.415554805206256
20.439259050047408
20.46304670279493
20.486918124510066
20.510873678612683
20.534913733396067
20.559038656041647
20.583248814211682
20.607544577859063
20.631926319244563
20.656394412954313
20.68094923591748
20.70559116742404
20.7303205891427
20.755137885139106
20.78004344189405
20.805037648322003
20.830120895789726
20.85529357813506
20.880556091685957
20.905908835279575
20.931352210281695
20.956886620606202
20.982512472734797
21.00823017573688
21.03404014128963
21.059942783698297
21.08593851991663
21.112027769567554
21.13821095496398
21.164488501129906
21.19086083582159
21.217328389549063
21.24389159559775
21.270550890050338
21.297306711808815
21.324159502616766
21.351109707081886
21.378157772698657
21.40530414987129
21.432549291936837
21.45989365518862
21.487337698899754
21.514881885347037
21.54252667983498
21.570272550720055
21.59811996943528
21.626069410514933
21.654121351619597
21.682276273561378
21.710534660329387
21.73889699911555
21.7673637803405
21.795935497679935
21.824612648091083
21.85339573183945
21.88228525252588
21.9112817171139
21.940385635957213
21.969597522827627
21.99891789494311
22.028347272996214
22.057886181182848
22.087535148060926
22.117294709088156
22.147165397366678
22.177147748564362
22.207242301969412
22.237449600520357
22.267770190836476
22.298204623248452
22.328753451829318
22.359417234425816
22.39019653268996
22.42109191211098
22.45210394204762
22.483233195760626
22.51448025044577
22.545845687267015
22.57733009139016
22.608934052016778
22.640658162418433
22.67250301997141
22.704469226191602
22.736557386769963
22.768768111608175
22.8011020148547
22.833559714941305
22.86614183461989
22.898849000999636
22.931681845584723
22.96464100431221
22.997727117590593
23.030940830338412
23.06428279202359
23.097753656703027
23.131354083062572
23.165084734457608
23.198946278953773
23.232939389368372
23.26706474331214
23.301323023231394
23.335714916450677
23.370241115215904
23.40490231673784
23.439699223236207
23.474632541984157
23.509702985353158
23.544911270858595
23.580258121205574
23.61574426433547
23.6513704334728
23.687137367172667
23.723045809368806
23.75909650942192
23.795290222168887
23.831627707972107
23.868109732769685
23.904737068126103
23.941510491283285
23.97843078521251
24.015498738666558
24.052715149432988
24.09008082377241
24.127596565241014
24.165263183021395
24.203081492307597
24.241052314360324
24.27917647656303
24.317454812478292
24.355888161905106
24.394477370936723
24.433223292019015
24.472126784009777
24.511188712238326
24.550409948566053
24.589791371447596
24.62933386599262
24.669038324028396
24.708905644162957
24.748936731849142
24.789132499449266
24.829493866300517
24.87002175878116
24.910717110377412
24.951580861751157
24.992613960808473
25.033817362768833
25.075192030235133
25.11673893326465
25.1584590494406
25.200353363944846
25.24242286963103
25.284668567098922
25.327091464769495
25.36969257896084
25.412472933964985
25.45543356212576
25.49857550391727
25.541899808023658
25.585407531419488
25.62909973945127
25.672977505920002
25.717041913164387
25.76129405214536
25.80573502253151
25.850365932785497
25.895187900251496
25.940202051243695
25.985409521135903
26.030811454452277
26.0764090049589
26.12220333575681
26.168195619375837
26.21438703786979
26.260778782912823
26.30737205589665
26.354168068029445
26.40116804043545
26.448373204256225
26.49578480076246
26.543404086906538
26.591232326660506
26.639270788621168
26.68752075187384
26.7359835061002
26.784660351687606
26.83355259983972
26.882661572688605
26.931988603408108
26.98153503632868
27.031302227053676
27.081291542577038
27.13150436140271
27.18194207366507
27.232606081251422
27.28349779792565
27.334618649453613
27.385970073730213
27.437553520907766
27.489370453526416
27.54142234664586
27.593710687979055
27.64623697802744
27.699002730217924
27.752009471041788
27.805258740195228
27.85875209072171
27.912491089156372
27.966477315672037
28.020712364227283
28.075197842716573
28.129935373121953
28.184926591667217
28.240173148973717
28.295676710218505
28.351438955294398
28.407461578972146
28.46374629106496
28.52029481659491
28.57710889596189
28.634190285114567
28.6915407557237
28.749162095357892
28.807056107661513
28.86522461253523
28.923669446318833
28.982392461976488
29.041395529284745
29.10068053502287
29.16024938316581
29.220103995079953
29.280246309721303
29.34067828383668
29.401401892167463
29.462419127656126
29.52373200165592
29.58534254414302
29.64725280393206
29.70946484961067
29.771980777345025
29.834802693266358
29.897932719522586
29.961372998150214
30.0251256913073
30.08919298150931
30.15357707186868
30.218280186337548
30.28330456995388
30.348652489091403
30.41432623171263
30.480328107626097
30.546660448746632
30.613325609359837
30.680325966390285
30.747663919673343
30.815341892231288
30.883362330553155
30.951727704878692
31.020440509486612
31.089503262986902
31.158918508617347
31.22868881454471
31.29881677416991
31.369305006438143
31.44015615615326
31.51137289429687
31.58295791835238
31.654913952633525
31.72724374861826
31.799950085287044
31.873035769466753
31.94650363617954
32.02035654899679
32.09459740039891
32.16922911213991
32.24425463561805
32.319676952251974
32.395499073862545
32.47172404306045
32.548354933640006
32.62539485097872
32.702846932443315
32.780714347801776
32.85900029964194
32.93770802379656
33.01684078977491
33.096401901201276
33.17639469626027
33.256822548149096
33.33768886553688
33.418997093031535
33.500750711653524
33.58295323931784
33.665608231322864
33.74871928084761
33.83229001945683
33.916324117613854
34.00082528075007
34.085797238315756
34.171243774794206
34.257168717621994
34.343575935749584
34.43046934020489
34.51785288466584
34.60573056604257
34.694106425069045
34.78298454690441
34.87236906174434
34.962264145442354
35.052674020141644
35.14360295491756
35.23505526643024
35.327035319588724
35.419547528226204
35.512596355786144
35.60618631602077
35.70032197370049
35.79500794533607
35.89024889991291
35.9860495596377
36.08241470069805