7.930072169814588
7.921048071412899
7.912054023083966
7.903089898333533
7.894155571418953
7.88525091734374
7.876375811852173
7.867530131423941
7.8587137532688285
7.849926555321455
7.841168416236063
7.832439215381349
7.823738832835326
7.815067149523309
7.80642404714882
7.797809407618512
7.789223113508678
7.780665048082504
7.772135095285164
7.7636331397389835
7.755159066738621
7.746712762246299
7.738294112887083
7.729903005944192
7.721539329354351
7.713202971703181
7.704893822220643
7.696611770776494
7.688356707875806
7.6801285246545135
7.671927112874999
7.663752364921712
7.655604173796837
7.6474824331159805
7.639387037103915
7.6313178805903386
7.623274859005686
7.615257868376969
7.60726680532364
7.599301567053525
7.591362051358741
7.583448156611693
7.575559781544547
7.567696825196432
7.559859187298681
7.552046768150358
7.544259468614114
7.5364971901123345
7.528759834623319
7.521047304677481
7.513359503353589
7.5056963342750365
7.498057701606141
7.490443510048481
7.482853664837243
7.475288071737629
7.467746637041262
7.460229267562654
7.4527358706356654
7.445266354110024
7.437820626347862
7.4303985962202725
7.423000173103914
7.415625266877616
7.408273787919048
7.400945647101361
7.393640755789934
7.386359025839059
7.379100369588727
7.371864699861393
7.364651929956749
7.3574619734861475
7.35029474431533
7.343150156776959
7.33602812567347
7.328928566273974
7.321851394311167
7.314796525978306
7.307763877926168
7.3007533672600555
7.293764911536829
7.286798428761936
7.279853837386508
7.27293105630443
7.266030004849482
7.259150602792459
7.2522927703383475
7.245456428123511
7.238641497212893
7.231847899097251
7.225075555690403
7.218324389326515
7.211594322757374
7.2048852791497335
7.198197182082618
7.191529955544713
7.184883523931717
7.178257812043767
7.171652745082828
7.165068248746718
7.158504249748401
7.151960674369327
7.145437449079986
7.1389345007423834
7.132451756607578
7.125989144313195
7.119546591880992
7.11312402771443
7.106721380596259
7.100338579686135
7.09397555451824
7.087632234998938
7.081308551404428
7.07500443437844
7.06871981492992
7.062454624430765
7.056208794613542
7.0499822575692495
7.043774945745089
7.037586791942247
7.031417729313701
7.0252676913620355
7.019136611937291
7.0130244252348
7.006931065793075
7.000856468491676
6.994800568549132
6.9887633015208435
6.982744603254116
6.976744409689362
6.970762657080732
6.964799282019817
6.958854221426877
6.952927412548852
6.94701879295735
6.941128300546681
6.935255873531889
6.929401450446793
6.923564970142069
6.917746371783314
6.911945594849147
6.906162579129313
6.900397264722811
6.894649592036023
6.888919501780869
6.883206934972965
6.8775118329298035
6.871834137268947
6.866173789906225
6.860530733053958
6.85490490921918
6.849296261201894
6.843704732093312
6.83813026527414
6.832572804412855
6.827032293463988
6.821508676666451
6.816001898852843
6.810511905162826
6.805038640413614
6.799582049694699
6.794142078373387
6.788718672093171
6.7833117767721065
6.77792133860119
6.77254730404277
6.767189619828942
6.761848232959991
6.756523090702801
6.751214140589323
6.745921330415012
6.740644608237307
6.7353839223741
6.730139221402235
6.724910454156003
6.719697569725647
6.714500517455896
6.70931924694449
6.704153708040717
6.699003850843987
6.693869625702363
6.688750983211173
6.68364787421156
6.678560249789099
6.67348806127239
6.668431260233123
6.663389798594808
6.658363628297335
6.653352701372443
6.648356970089612
6.643376386954688
6.638410904708563
6.633460476325824
6.628525055013445
6.623604594209461
6.61869904758167
6.613808369026334
6.6089325126668985
6.60407143285271
6.599225084157752
6.59439342137938
6.589576399537076
6.584773973871206
6.579986099841788
6.5752127331272625
6.570453829623287
6.565709345441516
6.560979236908417
6.556263460564061
6.551561973160965
6.546874731662892
6.542201693243708
6.5375428152862085
6.532898055380978
6.528267371350698
6.523650721465333
6.5190480638172845
6.514459356580551
6.509884558132623
6.50532362705336
6.500776522123884
6.4962432023254815
6.491723626838514
6.487217755041327
6.48272554650918
6.478246961013177
6.47378195851919
6.469330499186828
6.464892543368366
6.460468051607726
6.456056984639419
6.4516593033875465
6.447274968964755
6.442903942671244
6.438546185993753
6.434201660604554
6.429870328360479
6.425552151301912
6.4212470916518365
6.416955111814839
6.412676174376163
6.408410242100738
6.404157277932233
6.3999172450435236
6.395690106889202
6.391475826759912
6.3872743680828155
6.383085694460318
6.378909769669136
6.374746557659384
6.370596022553658
6.366458128646139
6.36233284040168
6.358220122454916
6.354119939609384
6.350032256836628
6.345957039275335
6.341894252230454
6.337843861172345
6.333805831735901
6.329780129719716
6.325766721085226
6.321765571955864
6.31777664861624
6.313799917511289
6.3098353452454665
6.305882898581915
6.30194254444166
6.298014249902791
6.294097982199671
6.2901937087221285
6.286301397014668
6.282421014914642
6.2785525304578895
6.274695911441513
6.270851125803216
6.2670181416325645
6.263196927170205
6.259387450807112
6.2555896810838085
6.251803586689629
6.248029136461958
6.244266299385482
6.240515044591458
6.236775341356963
6.233047159104179
6.229330467399647
6.2256252359535695
6.221931434619065
6.218249033391482
6.214578002407668
6.210918311945286
6.207269932422103
6.203632834395299
6.2000069885607845
6.1963923657525
6.192788936941754
6.189196673236528
6.185615545880826
6.182045526253987
6.178486585870092
6.174938696678062
6.171401830617294
6.167875959414346
6.164361054928708
6.16085708915215
6.15736403420808
6.153881862350898
6.150410545965364
6.146950057565958
6.14350036979626
6.140061455428317
6.136633287362031
6.133215838624531
6.129809082369573
6.126412991876919
6.1230275405517425
6.119652701924019
6.116288449647936
6.112934757501295
6.109591599384924
6.10625894932209
6.102936781457922
6.099625070058827
6.096323789511917
6.093032914324441
6.089752419123218
6.086482278654067
6.0832224677812565
6.079972961500595
6.076733735177712
6.073504763974591
6.0702860230154965
6.067077487541267
6.063879132908786
6.060690934590422
6.0575128681734975
6.054344909359746
6.051187033964788
6.048039217917594
6.044901437259962
6.041773668145991
6.038655886841565
6.035548069723836
6.0324501932807095
6.0293622341103355
6.026284168920605
6.02321597452864
6.0201576278603
6.017109105949682
6.014070385938628
6.0110414450762315
6.008022260718356
6.00501281032714
6.002013071470533
5.999023021821796
5.996042639159045
5.993071901364765
5.990110786425349
5.98715927243063
5.984217337573413
5.981284960149026
5.978362118577363
5.975448792149139
5.972544959695619
5.969650599696689
5.966765690733354
5.9638902114872865
5.961024140740386
5.95816745737432
5.955320140370099
5.952482168807619
5.949653521865235
5.946834178819325
5.944024119043852
5.941223322009945
5.9384317672854605
5.935649434534575
5.932876303517346
5.930112354089307
5.927357566201042
5.924611919897785
5.921875395318995
5.919147972697959
5.916429632361378
5.913720354728976
5.911020120313082
5.90832890971825
5.905646703640857
5.902973482868702
5.900309228280629
5.897653920846132
5.895007541624969
5.892370071766781
5.889741492510709
5.887121785205227
5.8845109326200955
5.881908916807629
5.8793157189807905
5.876731320441533
5.874155702580426
5.871588846876269
5.869030734895727
5.866481348292953
5.863940668809219
5.861408678272546
5.858885358597342
5.8563706917840355
5.853864659918721
5.8513672451727885
5.848878429802581
5.846398196149031
5.843926527442872
5.841463409417694
5.839008824923331
5.8365627565446765
5.8341251869498265
5.8316960988897435
5.829275475197905
5.826863298789972
5.824459552663447
5.822064219897334
5.819677283651821
5.817298727167926
5.814928533767187
5.812566686851322
5.810213169901912
5.807867966480076
5.80553106023827
5.803202437239929
5.8008820829724455
5.798569981225694
5.796266115867808
5.793970470844888
5.7916830301806685
5.7894037779762275
5.7871326984096605
5.784869775735787
5.78261499428584
5.780368338467164
5.778129792762917
5.775899341731771
5.7736769700076085
5.77146266229924
5.7692564033901
5.7670581786902195
5.764867975854701
5.762685780224302
5.760511576839675
5.758345350814817
5.7561870873367855
5.754036771665428
5.751894389133083
5.749759925144322
5.7476333651756555
5.74551469477527
5.74340389956275
5.741300965228809
5.739205877535016
5.737118622313533
5.735039185466842
5.732967552968342
5.730903712721726
5.728847652387497
5.726799357910964
5.7247588153071645
5.7227260106606
5.720700930124981
5.718683559922959
5.716673886345873
5.71467189575349
5.712677574573756
5.71069090930253
5.708711886503347
5.706740492807158
5.70477671491208
5.702820539583158
5.70087195365211
5.698930944591692
5.696997502994408
5.695071616744961
5.693153273202078
5.691242459789314
5.689339163994815
5.687443373371102
5.685555075534835
5.683674258166595
5.681800909010658
5.679935015874772
5.67807656662994
5.676225549210197
5.674381951612397
5.672545761895993
5.6707169681828224
5.6688955586568985
5.667081520522205
5.665274840817773
5.6634755077853045
5.6616835097293405
5.659898835015841
5.658121472071968
5.656351409385886
5.654588635506551
5.652833139043504
5.651084908666674
5.649343933106174
5.647610201152095
5.645883701654313
5.644164423522289
5.64245235572487
5.640747487290095
5.639049807413402
5.6373593060702145
5.635675972616014
5.633999796286539
5.63233076637584
5.6306688722360905
5.629014103277397
5.627366448967617
5.625725898832171
5.624092442453857
5.622466069472676
5.620846769585639
5.619234532546597
5.617629348166058
5.616031206311007
5.614440096904734
5.612856009926654
5.611278935002482
5.609708861597649
5.608145779767588
5.60658967962708
5.605040551346358
5.60349838515093
5.60196317132141
5.600434900193354
5.598913562157087
5.59739914765754
5.595891647194086
5.5943910513203745
5.592897350644166
5.591410535827179
5.589930597584918
5.588457526686522
5.586991313958677
5.5855319503089405
5.584079426650465
5.5826337339372225
5.581194863176093
5.579762805426714
5.578337551801327
5.576919093464619
5.575507421633586
5.574102527577373
5.572704402617124
5.571313038125846
5.56992842552825
5.568550556300613
5.567179421970633
5.565815014117282
5.564457324370671
5.5631063442713895
5.56176206517921
5.560424478641225
5.559093576258674
5.557769349683673
5.556451790619062
5.555140890818272
5.553836642085181
5.552539036273975
5.5512480652890135
5.549963721084688
5.548685995665286
5.547414881084864
5.546150369447098
5.544892452905164
5.543641123661604
5.542396374127635
5.54115819869689
5.539926590292478
5.538701541217325
5.5374830438232765
5.536271090510972
5.535065673729712
5.533866785977335
5.532674419800089
5.531488567792508
5.5303092225972845
5.52913637690515
5.5279700234547535
5.526810155032536
5.525656764472613
5.5245098446566505
5.523369388513753
5.5222353894845835
5.521107841446512
5.519986737318616
5.518872070037663
5.5177638325875815
5.516662017999342
5.5155666193508415
5.5144776297667875
5.513395042418579
5.512318850524201
5.511249047348101
5.510185626201084
5.509128580440196
5.508077903468619
5.507033588735555
5.505995629736123
5.5049640201550165
5.503938756246083
5.502919832629953
5.501907242964022
5.500900980951149
5.499901040339549
5.4989074149226855
5.497920098539172
5.496939085072672
5.4959643684517925
5.494995942649987
5.494033801685454
5.4930779396210445
5.492128350564154
5.491185028666637
5.4902479681247
5.489317163178817
5.4883926088689385
5.487474301341035
5.486562234958347
5.48565640404025
5.484756802950076
5.483863426095024
5.482976267926062
5.482095322937842
5.481220585668608
5.480352050700104
5.479489712657486
5.4786335662092345
5.47778360606707
5.47693982698586
5.47610222376354
5.475270791241024
5.474445524383505
5.473626420379749
5.472813475193921
5.4720066837968755
5.471206041202126
5.470411542465758
5.469623182686357
5.468840957004921
5.468064860604785
5.467294888711541
5.466531036592964
5.46577329955893
5.465021672961343
5.464276152194057
5.463536732692808
5.462803409935132
5.462076179440295
5.461355037369902
5.4606399811078274
5.4599310063985795
5.45922810890861
5.4585312843458
5.457840528459385
5.45715583703989
5.45647720591906
5.455804630969794
5.455138108106077
5.454477633282913
5.453823202496268
5.453174811782991
5.452532457220768
5.451896134928043
5.451265841063969
5.450641571849762
5.450023324528666
5.449411095900634
5.448804882246986
5.448204679889499
5.447610485190348
5.447022294552049
5.446440104417397
5.445863911269418
5.445293712465818
5.444729505479808
5.444171286422036
5.443619051432585
5.4430727966919035
5.44253251842075
5.441998212880127
5.441469876371218
5.440947505859472
5.440431100479606
5.439920657955686
5.439416175872634
5.438917651854492
5.43842508356438
5.437938468704467
5.4374578050159394
5.436983089883453
5.436514316508348
5.436051480303825
5.435594577746695
5.43514360535348
5.434698559680352
5.434259437323072
5.4338262349169355
5.4333989491860555
5.432977581981269
5.432562134192818
5.432152603605428
5.431748988042601
5.431351285366591
5.4309594934783645
5.430573610317573
5.430193633862523
5.4298195591867655
5.429451379785915
5.429089094763876
5.4287327033649975
5.428382204871477
5.428037598603365
5.427698883918554
5.427366060212779
5.427039126000285
5.426718075331409
5.426402904019517
5.426093608295378
5.425790184428957
5.425492628729349
5.425200937544709
5.424915107262184
5.4246351343078425
5.4243610168594705
5.4240927683098725
5.42383039204389
5.423573887817543
5.423323255424599
5.423078494696573
5.42283960550274
5.422606587750138
5.422379441383573
5.422158166385626
5.421942762250707
5.421733211396726
5.421529505552829
5.4213316451772515
5.421139630765609
5.420953462850922
5.4207731420036325
5.420598668831626
5.420430043980243
5.4202672681323065
5.420110342008141
5.419959263147823
5.419814026747602
5.419674630138919
5.419541070691436
5.419413345812923
5.419291452949216
5.419175389584165
5.419065153239576
5.418960741475174
5.418862151888545
5.418769391430152
5.4186824782911325
5.418601412428196
5.418526193216195
5.418456820067862
5.418393292433796
5.4183356098024555
5.418283771700145
5.418237777691013
5.418197627377038
5.418163320398028
5.4181348564316085
5.418112235193219
5.418095456436111
5.418084519951338
5.418079425567753
5.418080173152008
5.418086760385323
5.418099182534552
5.418117439363951
5.418141530819711
5.4181714568857196
5.4182072175835545
5.418248812972486
5.418296243149481
5.418349508249196
5.418408608443987
5.418473543943901
5.418544314996689
5.418620921887803
5.418703364940398
5.418791644515343
5.41888576101122
5.418985714864333
5.419091505246627
5.41920313018316
5.419320590507842
5.41944388717618
5.419573021181466
5.419707993554792
5.4198488053650635
5.419995457719027
5.420147951761279
5.42030628867429
5.420470469678427
5.420640496031972
5.420816369031141
5.4209980900101105
5.421185660341037
5.421379081434082
5.421578354737435
5.421783479515706
5.4219944525416865
5.422211274840436
5.422433947605541
5.422662472068512
5.4228968494988
5.423137081203816
5.423383168528954
5.423635112857609
5.423892915611198
5.424156578249185
5.4244261022691
5.424701489206564
5.424982740635312
5.425269858167217
5.425562843452318
5.425861698178839
5.426166424073222
5.426477022900154
5.4267935001264425
5.427115862429714
5.427444111449591
5.427778248834522
5.428118276271308
5.4284641954851365
5.4288160082396
5.4291737163367255
5.4295373216169995
5.429906825959395
5.430282231281401
5.430663539539052
5.43105075272695
5.431443872878306
5.431842902064963
5.432247842397423
5.43265869602489
5.4330754651352935
5.4334981519578
5.433926761192463
5.434361297225424
5.434801762312799
5.4352481587496015
5.43570048886978
5.436158755046254
5.436622959690946
5.437093105254822
5.437569194227924
5.438051229139413
5.438539212557601
5.439033147089994
5.439533035383327
5.4400388801236135
5.4405506840361735
5.441068449885685
5.44159218047622
5.442121878651292
5.442657547345802
5.443199192450078
5.443746818593329
5.444300428702624
5.444860025744695
5.445425612725978
5.445997192692663
5.446574768730735
5.447158343966029
5.44774792156427
5.448343504731121
5.448945096712245
5.449552700793332
5.450166320300174
5.450785958598697
5.4514116190950235
5.452043305235521
5.452681020506856
5.453324768436045
5.4539745527437
5.454630380112177
5.455292255354294
5.4559601821069945
5.456634164047857
5.45731420489515
5.458000308407894
5.458692478385919
5.459390718669923
5.460095033141525
5.460805425723336
5.461521900379014
5.462244461113325
5.462973111972208
5.463707857042835
5.464448700453678
5.465195646374572
5.465948699016777
5.466707862633051
5.467473141807244
5.468244543838464
5.469022073805397
5.469805736031928
5.470595534883715
5.471391474768258
5.4721935601349685
5.473001795475236
5.4738161853225025
5.474636734252329
5.475463446882474
5.476296327872953
5.477135381926128
5.4779806137867695
5.4788320282421346
5.479689630122043
5.480553424298954
5.481423415688041
5.482299609247271
5.483182010470278
5.484070627468256
5.4849654658839535
5.485866530878462
5.486773827656154
5.487687361464772
5.48860713759551
5.4895331613831
5.490465438205896
5.491403973485957
5.492348772689137
5.493299841325177
5.494257184947782
5.495220809154721
5.496190719587909
5.4971669219335055
5.498149421922
5.499138225328305
5.500133337971853
5.501134765716685
5.502142514471551
5.503156590406754
5.504177000782605
5.505203751853326
5.506236849715594
5.507276300511314
5.508322110427712
5.509374285697446
5.510432832598699
5.511497757455283
5.512569066636746
5.513646766558351
5.514730863275599
5.515821363166077
5.516918273153665
5.518021600209091
5.519131351350051
5.520247533641323
5.521370154194885
5.522499220170046
5.523634738773549
5.524776717259709
5.5259251615264295
5.527080072367787
5.528241458741927
5.529409330918909
5.530583699221703
5.53176457337396
5.532951952010653
5.534145841187158
5.535346251377394
5.5365531931088645
5.537766676954038
5.538986704801433
5.5402132795440755
5.541446411777337
5.5426861121507125
5.543932391368026
5.545185255519945
5.546444705090077
5.547710750113349
5.548983401017375
5.55026266828402
5.551548560498993
5.552841079276101
5.554140236292344
5.555446038438767
5.556758491595072
5.55807760282628
5.559403367797081
5.560735719677707