5.565411426166139
5.558247667181971
5.5511083594502795
5.5439933905166985
5.536902648636221
5.529836022767656
5.522793402568161
5.515774678387808
5.5087797412642
5.501808482921199
5.494860795744263
5.487936572604553
5.481035707005544
5.474158093114427
5.467303625756989
5.460472200412548
5.453663713208943
5.446878060917555
5.440115140948384
5.43337485134517
5.426657090780553
5.4199617585512865
5.413288754573489
5.406637979377936
5.400009334105407
5.393402720502055
5.386818040914847
5.380255198287012
5.373714096153555
5.367194638636806
5.3606967304420055
5.354220276852928
5.347765183727554
5.3413313574937735
5.334918705145129
5.328527134236599
5.322156552880418
5.315806869600529
5.309477993195221
5.303169833138671
5.296882299452739
5.290615302698835
5.284368753973923
5.2781425649065765
5.271936647653047
5.265750914893387
5.259585279827596
5.253439656171807
5.2473139581545
5.241208100512755
5.235121998488537
5.229055567825008
5.223008724762882
5.2169813860368
5.210973468871744
5.204984890979482
5.199015570555042
5.193065426273218
5.187134377285106
5.181222343214666
5.175329244155326
5.169455000666599
5.163599533770745
5.157762764949449
5.151944616154523
5.146145009857111
5.140363868695116
5.134601115689975
5.128856674308773
5.123130468461059
5.117422422495702
5.111732461197771
5.106060509785439
5.10040649390692
5.094770339637423
5.089151973476139
5.083551322343253
5.077968313576978
5.072402874930616
5.066854934569643
5.061324421068823
5.055811263409341
5.050315390975958
5.044836733554201
5.039375221327567
5.03393078487475
5.028503355166899
5.023092863564892
5.0176992418166355
5.012322422054385
5.006962336792094
5.001618918922773
4.996292101821051
4.990981819166235
4.985688004748414
4.9804105927254225
4.975149517623214
4.96990471433334
4.96467611811044
4.959463664569768
4.954267289684713
4.949086929784373
4.943922521551125
4.9387740020182145
4.933641308567388
4.928524378926518
4.9234231511672615
4.9183375637027344
4.913267555285207
4.908213065003817
4.903174032282296
4.898150396876725
4.893142098873298
4.88814907868611
4.883171277054964
4.878208635043184
4.873261094035461
4.86832859573571
4.86341108216494
4.858508495647856
4.853620778673327
4.848747874028577
4.843889724829079
4.839046274498248
4.8342174667654
4.8294032456637375
4.824603555528335
4.819818340994156
4.8150475469940766
4.810291118756925
4.805549001805542
4.800821141954851
4.796107485309952
4.791407978264215
4.786722567497406
4.782051199973816
4.777393822940411
4.772750383924992
4.7681208307343725
4.76350511145257
4.75890317443901
4.7543149683267485
4.7497404420206975
4.745179544695882
4.740632225795691
4.73609843503016
4.73157812237425
4.727071237712314
4.722577730908418
4.718097552503257
4.713630653300858
4.70917698436343
4.704736497009708
4.700309142813316
4.695894873601147
4.691493641451744
4.6871053986937055
4.682730097904097
4.678367691906872
4.674018133771314
4.669681376810479
4.6653573745796635
4.66104608087487
4.656747449731295
4.652461435421824
4.648187992455534
4.643927075576221
4.6396786397609215
4.635442640218456
4.631219032387981
4.627007771937552
4.622808814762697
4.618622116985002
4.614447634950701
4.610285325319083
4.606135145571546
4.6019970527308
4.597871003863926
4.593756956256964
4.589654867413561
4.585564695053622
4.581486397111984
4.577419931737084
4.573365257289651
4.5693223323414
4.56529111567374
4.561271566276483
4.557263643346577
4.553267306286833
4.549282514704675
4.545309228410888
4.541347407418385
4.537397011940972
4.533458002392137
4.529530339383829
4.525613983725267
4.52170889642174
4.517815038673424
4.513932371874208
4.510060857610532
4.506200457660215
4.502351133991322
4.498512848452515
4.494685562912108
4.490869239759713
4.4870638415727715
4.483269331114281
4.47948567133169
4.475712825355796
4.471950756499651
4.468199428257478
4.46445880430359
4.460728848491327
4.457009524851985
4.453300797593773
4.449602631100754
4.445914989931817
4.442237838819636
4.4385711426696535
4.43491486655906
4.431268975735781
4.427633435617483
4.42400821179057
4.4203932700092015
4.416788576194307
4.413194096432615
4.4096097969756824
4.406035644238941
4.402471604800735
4.39891764542704
4.395373733153646
4.391839834947488
4.388315917892791
4.384801949232902
4.38129789636937
4.377803726861034
4.374319408423108
4.3708449089262835
4.3673801963958345
4.363925239010721
4.360480005102712
4.357044463155508
4.353618581803867
4.350202329832744
4.346795676176424
4.343398589917681
4.340011040286917
4.3366329966613355
4.333264428564096
4.3299053056634875
4.326555597772106
4.323215274846037
4.31988430698404
4.316562664426747
4.313250317555855
4.309947236893337
4.306653393100649
4.3033687568705625
4.300093298941411
4.29682699026385
4.293569801925725
4.290321705151241
4.287082671300201
4.283852671867239
4.280631678481077
4.2774196629037675
4.274216597029953
4.271022452886125
4.267837202629895
4.26466081854926
4.261493273061881
4.258334538714367
4.255184588181555
4.252043394265807
4.248910929896302
4.245787168128336
4.24267208214263
4.239565645244638
4.236467830863862
4.233378612553173
4.230297963988128
4.227225858966307
4.224162271406641
4.221107175348751
4.218060544975519
4.215022354664669
4.211992578722825
4.208971191545461
4.205958167646183
4.202953481656084
4.199957108323106
4.196969022511412
4.193989199200746
4.191017613485815
4.188054240575668
4.1850990557930725
4.1821520345739085
4.179213152466555
4.176282385131285
4.1733597083396665
4.170445097973967
4.167538530026552
4.164639980599308
4.1617494259030465
4.158866842256931
4.155992206087891
4.153125493930057
4.150266682424182
4.147415748317082
4.14457266846107
4.141737419813397
4.138909979435711
4.1360903246108425
4.133278432648983
4.130474280815783
4.127677846479666
4.124889107111287
4.122108040282991
4.11933462366828
4.116568835041281
4.113810652276214
4.111060053346876
4.10831701632611
4.10558151938529
4.102853540793812
4.100133058918571
4.097420052223464
4.094714499268882
4.092016378711204
4.089325669302302
4.08664234988905
4.08396639941282
4.081297796909011
4.078636521506547
4.0759825524274005
4.073335868986117
4.070696450589335
4.068064276735309
4.065439327013447
4.062821581144596
4.060211019084638
4.057607620641443
4.05501136567646
4.052422234140431
4.049840206072932
4.0472652616019245
4.044697380943301
4.04213654440044
4.0395827323637565
4.037035925310267
4.034496103803143
4.0319632484912775
4.029437340108855
4.026918359474911
4.024406287492918
4.021901105150343
4.019402793518237
4.016911333750811
4.0144267070850175
4.011948894840135
4.009477878417359
4.0070136392993865
4.004556159050016
4.002105419313736
3.999661401815326
3.997224088359459
3.9947934608305906
3.9923695013364027
3.9899521919750165
3.9875415147727447
3.985137451834285
3.9827399853423318
3.9803490975571876
3.9779647708163806
3.9755869875342813
3.9732157302017264
3.9708509813856394
3.968492723728655
3.9661409399487506
3.963795612838874
3.9614567252665767
3.959124260173646
3.956798200575746
3.954478529562054
3.9521652302949035
3.9498582860094245
3.947557680013193
3.9452633956858785
3.94297541647889
3.940693725915034
3.938418307588165
3.936149145162843
3.933886222373992
3.9316295230265603
3.92937903107345
3.927134730803457
3.924896606216186
3.9226646413304334
3.920438820233643
3.9182191270815756
3.916005546097981
3.9137980615742753
3.911596657869215
3.9094013194085755
3.9072120306848324
3.9050287762568447
3.902851540749535
3.9006803088535804
3.8985150653250975
3.896355794985333
3.8942024827203556
3.8920551134807515
3.889913672281317
3.8877781442007553
3.885648514381379
3.88352476802881
3.8814068904116787
3.8792948668613354
3.8771886827715467
3.8750883235982148
3.872993774859078
3.8709050221334875
3.8688220510568816
3.8667448472679613
3.864673396446634
3.862607684333574
3.8605476967299364
3.8584934194970804
3.8564448385562873
3.854401939888483
3.8523647095339597
3.8503331335921054
3.8483071982211277
3.8462868896377844
3.8442721941171123
3.84226309799216
3.840259587653721
3.8382616495500685
3.836269270186694
3.834282436126041
3.8323011339872495
3.830325350445895
3.8283550722337325
3.826390286138437
3.8244309790033544
3.8224771377272466
3.8205287492640387
3.8185858006225715
3.816648278866352
3.814716171217123
3.8127894652609506
3.810868148228044
3.8089522073535576
3.8070416299262755
3.8051364032883703
3.803236514835165
3.801341952014889
3.7994527023284497
3.7975687533291893
3.7956900926226544
3.793816707866363
3.7919485867695695
3.790085717093042
3.788228086648824
3.786375683300015
3.784528494960539
3.7826865095949236
3.7808497152180736
3.7790180998950484
3.7771916517408437
3.7753703589201715
3.773554209647238
3.77174319218553
3.7699372948476007
3.7681365059948475
3.766340814037306
3.7645502074314456
3.762764674486033
3.760984203585301
3.7592087832761925
3.757438402153442
3.75567304885937
3.7539127120836753
3.7521573805632285
3.750407043081872
3.7486616884702095
3.7469213056054107
3.745185883411008
3.743455410856695
3.741729876958131
3.740009270776742
3.7382935814195246
3.7365827980388526
3.7348769098322783
3.7331759060423453
3.7314797759563922
3.7297885089063643
3.7281020942686243
3.726420521463761
3.724743779956406
3.7230718592550414
3.7214047489118203
3.7197424385223803
3.71808491772566
3.7164321762704025
3.7147842040987795
3.713140990938251
3.7115025265347166
3.7098688006767016
3.7082398031951844
3.7066155239634133
3.7049959528967324
3.703381079952406
3.701770895129439
3.700165388468411
3.6985645500512936
3.696968370001287
3.6953768384826455
3.6937899457005035
3.692207681900713
3.690630037369673
3.6890570024341587
3.687488567461161
3.6859247228577163
3.6843654590707455
3.6828107665868886
3.6812606359323405
3.6797150576726954
3.6781740224127786
3.6766375207964903
3.675105543506649
3.673578081271568
3.6720551252250826
3.6705366663393484
3.669022695393941
3.667513203206764
3.6660081806338916
3.6645076185694148
3.663011507945292
3.6615198397311883
3.6600326049343326
3.65854979459936
3.657071399808163
3.6555974116797456
3.6541278213700696
3.652662620071912
3.6512017990147125
3.6497453494644354
3.648293262723415
3.646845530130218
3.645402143059498
3.6439630929218514
3.642528371163677
3.6410979692670353
3.639671878749505
3.6382500911640463
3.6368325980988607
3.635419391177254
3.634010462057498
3.6326058024326926
3.6312054040306343
3.6298092586136756
3.6284173579785954
3.6270296939564615
3.6256462584125027
3.6242670432459705
3.622892040390012
3.6215212418115406
3.6201546395111
3.61879222577207
3.6174339930616446
3.6160799333920886
3.614730038798992
3.613384301351237
3.612042713150869
3.610705266332973
3.609371953065541
3.6080427655493525
3.6067176960178418
3.6053967367369792
3.604079880005145
3.602767118153005
3.601458443543391
3.600153848571175
3.5988533256631494
3.5975568672779086
3.596264465905726
3.59497611408908
3.593691805205578
3.5924115322511923
3.591135287819213
3.5898630645340917
3.5885948550513316
3.5873306520573682
3.586070448269452
3.5848142364355393
3.583562009334171
3.582313759774367
3.5810694805955072
3.5798291646672227
3.5785928048892814
3.57736039419148
3.5761319255335327
3.5749073919049597
3.5736867863249797
3.5724701018424017
3.5712573316959424
3.570048469863072
3.568843509593829
3.5676424440336567
3.5664452663571162
3.565251969767787
3.5640625474981578
3.5628769928095267
3.561695298991892
3.560517459363854
3.559343467272508
3.558173316093345
3.557006999230151
3.555844510114902
3.5546858422076673
3.5535309889965077
3.552379943997378
3.551232700754027
3.550089252837898
3.5489495942625946
3.5478137193190267
3.54668162164742
3.5455532949056
3.5444287327786737
3.5433079289789338
3.542190877245764
3.541077571345548
3.5399680050715667
3.5388621722439155
3.5377600667094016
3.53666168234146
3.5355670130400525
3.5344760527315873
3.5333887953688166
3.532305234930753
3.5312253654225803
3.5301491808755587
3.5290766753736555
3.528007843790722
3.5269426805791473
3.5258811798409107
3.52482333570372
3.523769142320925
3.522718593871427
3.5216716845595997
3.520628408615196
3.5195887602932685
3.518552733874079
3.517520323663018
3.51649152399052
3.5154663292119794
3.5144447337076685
3.5134267318826513
3.5124123181667066
3.5114014870142443
3.510394232904221
3.5093905504968563
3.508390435096052
3.507393881392494
3.5064008840015592
3.5054114375626946
3.50442553673934
3.5034431762188536
3.5024643507124336
3.5014890549550404
3.500517283705322
3.4995490317455396
3.498584293881489
3.4976230649424296
3.496665339781008
3.4957111132731833
3.494760380318156
3.4938131358382924
3.492869374779056
3.4919290920973225
3.490992282724941
3.490058941619046
3.4891290637607995
3.4882026441542173
3.4872796778260993
3.4863601598259564
3.485444085225942
3.484531449120782
3.4836222466277
3.4827164728863553
3.481814123058767
3.4809151923292503
3.480019675904345
3.47912756901275
3.478238866905253
3.4773535648546656
3.4764716581557566
3.4755931426387856
3.474718014445376
3.4738462689084817
3.4729779013717095
3.472112907200384
3.4712512817814796
3.4703930205235576
3.469538118856701
3.4686865722324494
3.467838376123738
3.4669935260248286
3.466152017451254
3.465313845939747
3.4644790070481832
3.46364749635552
3.4628193094617297
3.461994441987742
3.461172889576182
3.460354648776366
3.459539716034443
3.4587280870207233
3.4579197574262523
3.45711472296275
3.456312979362548
3.4555145223785346
3.454719347784093
3.453927451373044
3.4531388289595855
3.452353476378238
3.4515713894837856
3.450792564151216
3.4500169962756675
3.44924468177237
3.44847561657659
3.447709796643574
3.4469472179484937
3.4461878764863867
3.4454317682721096
3.444678889340274
3.4439292357451987
3.4431828035608536
3.4424395888808053
3.4416995879572982
3.440962799538052
3.440229220414928
3.4394988462959604
3.4387716729093327
3.4380476960033177
3.437326911346217
3.4366093147262977
3.435894901951738
3.435183668850561
3.434475611270581
3.433770725079343
3.433069006164062
3.4323704529015298
3.4316750650428323
3.4309828385856824
3.430293769504111
3.4296078537915795
3.428925087460924
3.428245466544297
3.427568987093115
3.4268956451779995
3.4262254368887244
3.4255583583341593
3.424894405642215
3.424233575724619
3.423575869320532
3.4229212833673572
3.4222698140603818
3.4216214576137367
3.4209762102603443
3.420334068251867
3.419695027858651
3.419059085369679
3.4184262370925143
3.4177964793532527
3.4171698084964675
3.416546220924959
3.415925716483223
3.4153082938652743
3.414693949578191
3.4140826801472066
3.413474482115666
3.412869352044971
3.4122672865145423
3.411668282121763
3.411072335481939
3.4104794432282493
3.4098896020117
3.4093028085010797
3.4087190606841893
3.4081383585808336
3.4075606990330107
3.4069860787317956
3.4064144943859307
3.4058459427217818
3.4052804204832903
3.40471792443193
3.4041584513466643
3.4036019980239
3.403048561277445
3.402498137938463
3.4019507248554315
3.401406318894099
3.400864919561151
3.4003265266645815
3.399791137182238
3.3992587481076324
3.3987293564513177
3.3982029592408454
3.3976795535207267
3.397159136352392
3.3966417048141517
3.396127256001156
3.395615787025357
3.3951072950154693
3.3946017771169283
3.3940992306007396
3.3935996556953727
3.393103050983925
3.3926094136798945
3.3921187410133546
3.391631030230918
3.3911462785956994
3.3906644833872788
3.3901856419016645
3.389709751451259
3.3892368093648195
3.388766812987425
3.3882997596804385
3.3878356468214754
3.387374472269412
3.3869162367287466
3.3864609382967488
3.386008574450377
3.3855591426826717
3.385112640502724
3.384669065435643
3.3842284150225193
3.383790686820397
3.383355878402239
3.3829239873568935
3.3824950112890644
3.38206894781928
3.3816457945838576
3.381225549234877
3.3808082094983294
3.3803937755580464
3.3799822464812808
3.3795736200359663
3.379167894005629
3.378765066189364
3.378365134401798
3.377968096473072
3.377573950248801
3.377182693590054
3.3767943243733236
3.376408840490496
3.3760262398488274
3.375646520370914
3.3752696799946653
3.374895716673277
3.3745246296773397
3.3741564189544246
3.3737910824791078
3.3734286182197306
3.37306902415986
3.372712298298262
3.3723584386488747
3.3720074432407845
3.371659310118198
3.3713140373404182
3.3709716229818167
3.370632065131812
3.37029536189484
3.3699615113903314
3.3696305117526895
3.3693023611312602
3.368977057690314
3.3686546011123304
3.3683349918413876
3.3680182282139692
3.367704308563278
3.367393231237273
3.3670849945986556
3.366779597024843
3.3664770369079524
3.3661773126547763
3.3658804226867636
3.36558636544
3.3652951393651866
3.365006742927623
3.3647211746071832
3.3644384328982992
3.3641585163099417
3.363881423365599
3.3636071535082865
3.363335706503416
3.363067080867548
3.3628012751238905
3.362538287810135
3.3622781174784375
3.362020762695398
3.361766222042044
3.361514494113812
3.361265577520529
3.3610194708863945
3.3607761728499606
3.3605356820641195
3.3602979971960805
3.360063116927356
3.359831039953743
3.3596017649853094
3.3593752907463714
3.3591516159778854
3.3589307409111315
3.3587126656444046
3.358497389069025
3.3582849100904517
3.3580752276282757
3.3578683406162035
3.357664248002042
3.3574629487476897
3.3572644418291175
3.3570687262363625
3.356875800973512
3.3566856650586883
3.356498317524043
3.3563137574157387
3.356131983793939
3.3559529957328
3.3557767923204533
3.3556033726589978
3.3554327358779363
3.3552648816978574
3.355099809544739
3.354937518529149
3.354778007775595
3.3546212764225114
3.354467323622249
3.354316148541065
3.3541677503591116
3.3540221282704263
3.353879281482919
3.3537392092183653
3.3536019107123956
3.3534673852144836
3.3533356319879384
3.3532066503098954
3.3530804394713045
3.352956998776926
3.3528363275453135
3.352718425108815
3.3526032908135575
3.352490924051476
3.352381325272161
3.3522744944261924
3.3521704309666904
3.352069134360521
3.3519706040882875
3.3518748396443243
3.3517818405366917
3.3516916062871687
3.3516041364312463
3.3515194305181253
3.3514374881107054
3.3513583087855845
3.3512818921330485
3.3512082377570724
3.35113734527531
3.351069214319089
3.351003844533413
3.3509412355769483
3.3508813871220244
3.3508242988546315
3.3507699704862084
3.3507184020343685
3.350669593362567
3.3506235442152135
3.350580254350361
3.3505397235397036
3.350501951568575
3.350466938235942
3.3504346833544085
3.350405186750206
3.3503784482631946
3.350354467780716
3.350333245262938
3.350314780611628
3.350299073738372
3.350286124568379
3.3502759331290424
3.350268499606277
3.3502638233044686
3.3502619039441965
3.350262743450259
3.3502663393100747
3.3502726911304617
3.3502817986508266
3.3502936560238
3.3503082283570085