5.560735719677691
5.559403367797065
5.5580776028262635
5.556758491595055
5.555446038438751
5.554140236292327
5.552841079276086
5.551548560498977
5.550262668284004
5.548983401017359
5.547710750113333
5.546444705090062
5.545185255519929
5.543932391368011
5.542686112150697
5.541446411777321
5.54021327954406
5.538986704801418
5.537766676954023
5.536553193108849
5.53534625137738
5.534145841187143
5.532951952010639
5.5317645733739464
5.5305836992216895
5.529409330918895
5.528241458741912
5.527080072367773
5.525925161526414
5.5247767172596935
5.523634738773534
5.5224992201700305
5.521370154194871
5.5202475336413075
5.519131351350037
5.518021600209076
5.5169182731536495
5.5158213631660615
5.514730863275584
5.5136467665583355
5.512569066636731
5.511497757455269
5.510432832598685
5.509374285697432
5.508322110427699
5.5072763005113
5.506236849715581
5.505203751853313
5.504177000782592
5.50315659040674
5.5021425144715375
5.501134765716673
5.500133337971841
5.499138225328292
5.498149421921988
5.497166921933493
5.496190719587896
5.495220809154708
5.49425718494777
5.493299841325165
5.492348772689126
5.491403973485944
5.490465438205884
5.489533161383089
5.488607137595499
5.48768736146476
5.486773827656142
5.48586653087845
5.484965465883943
5.4840706274682445
5.4831820104702675
5.48229960924726
5.48142341568803
5.480553424298943
5.4796896301220315
5.478832028242124
5.477980613786758
5.477135381926117
5.476296327872943
5.475463446882463
5.47463673425232
5.473816185322492
5.473001795475225
5.472193560134958
5.4713914747682475
5.470595534883705
5.469805736031918
5.469022073805387
5.468244543838455
5.467473141807234
5.466707862633041
5.465948699016767
5.4651956463745615
5.464448700453669
5.4637078570428255
5.462973111972198
5.462244461113316
5.4615219003790045
5.460805425723327
5.460095033141516
5.459390718669914
5.458692478385911
5.458000308407886
5.457314204895142
5.456634164047849
5.455960182106987
5.455292255354286
5.454630380112168
5.453974552743693
5.453324768436038
5.452681020506849
5.452043305235515
5.451411619095017
5.45078595859869
5.450166320300167
5.449552700793325
5.448945096712237
5.448343504731115
5.447747921564263
5.447158343966023
5.446574768730729
5.445997192692656
5.4454256127259715
5.444860025744688
5.4443004287026175
5.443746818593323
5.443199192450072
5.442657547345797
5.442121878651287
5.441592180476214
5.4410684498856785
5.440550684036167
5.440038880123608
5.439533035383322
5.4390331470899875
5.438539212557596
5.4380512291394085
5.43756919422792
5.437093105254816
5.436622959690941
5.4361587550462485
5.4357004888697755
5.435248158749596
5.434801762312794
5.434361297225419
5.433926761192458
5.433498151957796
5.433075465135288
5.432658696024885
5.432247842397419
5.431842902064958
5.431443872878303
5.4310507527269465
5.430663539539047
5.430282231281397
5.429906825959391
5.429537321616995
5.429173716336722
5.428816008239597
5.428464195485133
5.428118276271304
5.427778248834518
5.427444111449588
5.4271158624297104
5.42679350012644
5.426477022900151
5.42616642407322
5.425861698178836
5.425562843452315
5.425269858167216
5.42498274063531
5.424701489206563
5.4244261022690985
5.424156578249183
5.423892915611195
5.423635112857607
5.423383168528952
5.423137081203814
5.422896849498798
5.42266247206851
5.42243394760554
5.422211274840434
5.421994452541685
5.421783479515705
5.421578354737433
5.421379081434081
5.4211856603410356
5.420998090010109
5.420816369031139
5.420640496031971
5.420470469678425
5.420306288674288
5.420147951761277
5.4199954577190255
5.419848805365063
5.419707993554791
5.419573021181465
5.419443887176179
5.419320590507841
5.419203130183159
5.419091505246626
5.418985714864332
5.41888576101122
5.418791644515342
5.418703364940397
5.418620921887802
5.418544314996689
5.418473543943901
5.418408608443986
5.418349508249196
5.418296243149481
5.418248812972485
5.418207217583554
5.4181714568857196
5.418141530819711
5.418117439363951
5.418099182534552
5.418086760385323
5.418080173152008
5.418079425567753
5.418084519951337
5.418095456436111
5.418112235193219
5.418134856431608
5.418163320398028
5.418197627377038
5.4182377776910124
5.418283771700144
5.418335609802455
5.418393292433795
5.418456820067861
5.418526193216194
5.4186014124281945
5.418682478291132
5.41876939143015
5.418862151888543
5.418960741475172
5.419065153239575
5.419175389584163
5.419291452949215
5.419413345812922
5.419541070691435
5.4196746301389185
5.419814026747601
5.419959263147821
5.420110342008139
5.420267268132305
5.420430043980241
5.420598668831624
5.420773142003632
5.42095346285092
5.421139630765607
5.42133164517725
5.421529505552828
5.421733211396723
5.421942762250704
5.422158166385621
5.422379441383568
5.422606587750134
5.422839605502737
5.423078494696569
5.423323255424595
5.4235738878175415
5.423830392043887
5.42409276830987
5.424361016859468
5.424635134307841
5.424915107262182
5.425200937544707
5.425492628729346
5.425790184428954
5.426093608295376
5.426402904019515
5.426718075331406
5.427039126000281
5.427366060212776
5.42769888391855
5.428037598603363
5.428382204871475
5.428732703364995
5.4290890947638735
5.429451379785913
5.429819559186763
5.430193633862521
5.430573610317571
5.430959493478362
5.431351285366588
5.431748988042599
5.4321526036054255
5.432562134192816
5.432977581981266
5.433398949186053
5.433826234916932
5.434259437323068
5.434698559680348
5.435143605353478
5.435594577746692
5.436051480303822
5.436514316508345
5.436983089883451
5.437457805015936
5.437938468704464
5.4384250835643755
5.438917651854488
5.43941617587263
5.439920657955681
5.440431100479601
5.440947505859466
5.441469876371213
5.441998212880122
5.442532518420746
5.443072796691899
5.443619051432581
5.444171286422032
5.4447295054798035
5.445293712465815
5.445863911269415
5.446440104417394
5.4470222945520455
5.447610485190346
5.448204679889496
5.448804882246983
5.449411095900631
5.450023324528663
5.4506415718497605
5.451265841063965
5.451896134928041
5.452532457220765
5.453174811782988
5.453823202496264
5.45447763328291
5.455138108106073
5.455804630969791
5.4564772059190565
5.457155837039886
5.457840528459381
5.458531284345796
5.459228108908606
5.459931006398575
5.460639981107824
5.461355037369898
5.46207617944029
5.462803409935128
5.463536732692805
5.464276152194053
5.4650216729613375
5.465773299558926
5.46653103659296
5.467294888711537
5.468064860604781
5.468840957004917
5.469623182686353
5.470411542465754
5.471206041202122
5.472006683796872
5.472813475193917
5.473626420379746
5.474445524383501
5.475270791241021
5.476102223763537
5.4769398269858565
5.477783606067066
5.478633566209231
5.4794897126574815
5.4803520507001
5.481220585668604
5.482095322937838
5.482976267926057
5.483863426095019
5.484756802950072
5.4856564040402445
5.486562234958342
5.48747430134103
5.488392608868934
5.489317163178812
5.490247968124695
5.4911850286666315
5.492128350564149
5.493077939621039
5.4940338016854495
5.4949959426499815
5.495964368451788
5.496939085072667
5.497920098539168
5.498907414922679
5.499901040339544
5.500900980951144
5.501907242964017
5.5029198326299475
5.503938756246079
5.504964020155011
5.505995629736119
5.507033588735551
5.508077903468614
5.509128580440191
5.5101856262010775
5.5112490473480955
5.512318850524196
5.513395042418574
5.514477629766781
5.515566619350836
5.5166620179993355
5.517763832587575
5.5188720700376575
5.519986737318611
5.521107841446507
5.522235389484577
5.523369388513747
5.524509844656644
5.525656764472607
5.526810155032531
5.527970023454748
5.529136376905145
5.530309222597278
5.531488567792502
5.532674419800085
5.53386678597733
5.535065673729707
5.536271090510967
5.537483043823271
5.5387015412173195
5.539926590292473
5.541158198696885
5.542396374127629
5.543641123661599
5.5448924529051595
5.546150369447092
5.547414881084858
5.5486859956652825
5.549963721084683
5.551248065289009
5.55253903627397
5.553836642085175
5.555140890818266
5.556451790619056
5.557769349683666
5.559093576258668
5.5604244786412185
5.561762065179204
5.563106344271384
5.5644573243706645
5.565815014117276
5.567179421970625
5.568550556300606
5.569928425528242
5.5713130381258384
5.572704402617117
5.574102527577365
5.57550742163358
5.576919093464611
5.578337551801319
5.579762805426707
5.581194863176086
5.5826337339372145
5.584079426650457
5.5855319503089325
5.586991313958669
5.588457526686515
5.58993059758491
5.591410535827172
5.592897350644159
5.5943910513203665
5.595891647194078
5.597399147657532
5.598913562157079
5.600434900193346
5.601963171321404
5.603498385150923
5.605040551346351
5.606589679627073
5.608145779767581
5.6097088615976425
5.611278935002475
5.612856009926648
5.614440096904727
5.616031206311
5.6176293481660515
5.61923453254659
5.620846769585632
5.622466069472669
5.62409244245385
5.6257258988321635
5.627366448967611
5.629014103277391
5.630668872236083
5.6323307663758335
5.633999796286532
5.635675972616007
5.637359306070208
5.639049807413396
5.640747487290088
5.6424523557248625
5.644164423522282
5.645883701654307
5.647610201152088
5.649343933106167
5.651084908666666
5.652833139043496
5.654588635506543
5.656351409385878
5.65812147207196
5.659898835015832
5.6616835097293325
5.663475507785296
5.665274840817765
5.6670815205221965
5.66889555865689
5.6707169681828145
5.672545761895984
5.674381951612388
5.676225549210188
5.678076566629931
5.679935015874763
5.681800909010649
5.683674258166586
5.685555075534826
5.687443373371093
5.6893391639948065
5.691242459789305
5.6931532732020695
5.695071616744952
5.696997502994399
5.698930944591683
5.7008719536521015
5.702820539583148
5.704776714912071
5.706740492807147
5.708711886503338
5.710690909302521
5.712677574573746
5.714671895753481
5.716673886345863
5.71868355992295
5.7207009301249725
5.722726010660591
5.724758815307156
5.726799357910955
5.728847652387488
5.730903712721716
5.732967552968333
5.735039185466833
5.737118622313522
5.7392058775350066
5.741300965228799
5.7434038995627406
5.7455146947752604
5.747633365175645
5.7497599251443114
5.751894389133073
5.754036771665416
5.756187087336775
5.758345350814804
5.760511576839663
5.762685780224291
5.764867975854689
5.767058178690208
5.769256403390089
5.771462662299228
5.773676970007597
5.775899341731758
5.778129792762907
5.780368338467152
5.782614994285829
5.784869775735776
5.787132698409649
5.789403777976216
5.791683030180658
5.793970470844877
5.796266115867798
5.798569981225683
5.800882082972436
5.803202437239917
5.805531060238258
5.807867966480064
5.8102131699019015
5.812566686851311
5.814928533767176
5.817298727167916
5.81967728365181
5.822064219897325
5.824459552663436
5.826863298789962
5.829275475197895
5.831696098889733
5.834125186949817
5.836562756544666
5.8390088249233205
5.841463409417685
5.8439265274428625
5.846398196149021
5.848878429802572
5.851367245172779
5.8538646599187105
5.856370691784027
5.858885358597332
5.861408678272536
5.863940668809209
5.866481348292944
5.869030734895718
5.87158884687626
5.874155702580417
5.876731320441525
5.8793157189807825
5.88190891680762
5.884510932620087
5.887121785205218
5.8897414925107014
5.892370071766772
5.89500754162496
5.897653920846123
5.900309228280621
5.902973482868693
5.905646703640847
5.908328909718242
5.911020120313072
5.913720354728966
5.916429632361369
5.9191479726979495
5.9218753953189855
5.924611919897775
5.9273575662010325
5.930112354089295
5.932876303517335
5.9356494345345645
5.938431767285451
5.941223322009933
5.944024119043841
5.946834178819313
5.9496535218652244
5.952482168807608
5.9553201403700875
5.9581674573743095
5.961024140740373
5.963890211487275
5.966765690733342
5.969650599696678
5.9725449596956075
5.975448792149126
5.978362118577351
5.981284960149012
5.984217337573402
5.987159272430618
5.990110786425337
5.993071901364752
5.9960426391590325
5.999023021821785
6.002013071470521
6.005012810327128
6.0080222607183424
6.01104144507622
6.014070385938615
6.01710910594967
6.0201576278602875
6.023215974528627
6.026284168920592
6.029362234110322
6.032450193280696
6.035548069723823
6.038655886841552
6.041773668145978
6.044901437259949
6.048039217917581
6.051187033964775
6.054344909359733
6.057512868173483
6.060690934590409
6.063879132908773
6.067077487541254
6.070286023015481
6.073504763974577
6.076733735177697
6.079972961500581
6.083222467781242
6.086482278654053
6.0897524191232035
6.093032914324427
6.096323789511902
6.099625070058811
6.102936781457908
6.1062589493220765
6.10959159938491
6.112934757501281
6.1162884496479215
6.119652701924005
6.123027540551727
6.126412991876905
6.129809082369558
6.133215838624516
6.136633287362016
6.140061455428303
6.143500369796245
6.146950057565942
6.150410545965348
6.153881862350884
6.157364034208065
6.1608570891521355
6.164361054928693
6.1678759594143315
6.17140183061728
6.174938696678049
6.178486585870076
6.1820455262539715
6.18561554588081
6.189196673236513
6.192788936941737
6.196392365752484
6.200006988560768
6.203632834395283
6.207269932422086
6.21091831194527
6.214578002407651
6.218249033391465
6.221931434619049
6.225625235953553
6.229330467399632
6.233047159104161
6.236775341356948
6.240515044591442
6.244266299385467
6.248029136461942
6.251803586689614
6.2555896810837925
6.259387450807095
6.26319692717019
6.2670181416325486
6.270851125803201
6.274695911441497
6.2785525304578735
6.2824210149146245
6.286301397014651
6.290193708722111
6.294097982199655
6.298014249902775
6.301942544441642
6.305882898581899
6.309835345245449
6.313799917511273
6.317776648616222
6.321765571955849
6.32576672108521
6.329780129719699
6.333805831735884
6.337843861172326
6.341894252230437
6.3459570392753175
6.350032256836611
6.354119939609366
6.358220122454901
6.362332840401663
6.366458128646123
6.3705960225536415
6.374746557659365
6.378909769669117
6.383085694460299
6.387274368082799
6.391475826759894
6.395690106889186
6.399917245043507
6.4041572779322165
6.408410242100721
6.412676174376145
6.416955111814821
6.421247091651817
6.425552151301895
6.42987032836046
6.434201660604537
6.438546185993735
6.442903942671227
6.447274968964737
6.451659303387525
6.4560569846394005
6.460468051607707
6.464892543368348
6.4693304991868095
6.473781958519172
6.478246961013158
6.4827255465091636
6.487217755041308
6.4917236268384935
6.496243202325462
6.500776522123864
6.5053236270533406
6.509884558132605
6.514459356580533
6.519048063817264
6.523650721465315
6.528267371350679
6.532898055380961
6.537542815286189
6.542201693243688
6.546874731662872
6.551561973160944
6.5562634605640415
6.560979236908396
6.565709345441497
6.570453829623266
6.575212733127243
6.579986099841766
6.584773973871184
6.589576399537054
6.594393421379357
6.599225084157731
6.604071432852689
6.608932512666877
6.6138083690263105
6.6186990475816465
6.6236045942094375
6.628525055013422
6.633460476325802
6.638410904708539
6.643376386954666
6.648356970089587
6.6533527013724205
6.65836362829731
6.6633897985947845
6.668431260233096
6.673488061272364
6.678560249789074
6.683647874211534
6.688750983211148
6.693869625702338
6.69900385084396
6.7041537080406925
6.709319246944465
6.714500517455871
6.7196975697256205
6.724910454155977
6.73013922140221
6.735383922374075
6.740644608237281
6.745921330414987
6.751214140589297
6.756523090702777
6.761848232959965
6.767189619828917
6.772547304042743
6.777921338601164
6.78331177677208
6.788718672093146
6.79414207837336
6.799582049694672
6.8050386404135885
6.8105119051628
6.816001898852817
6.821508676666424
6.8270322934639625
6.832572804412829
6.838130265274115
6.8437047320932844
6.849296261201866
6.854904909219153
6.86053073305393
6.866173789906197
6.87183413726892
6.877511832929777
6.883206934972938
6.888919501780843
6.894649592035996
6.900397264722783
6.906162579129284
6.911945594849118
6.917746371783287
6.923564970142041
6.9294014504467665
6.935255873531859
6.941128300546654
6.947018792957321
6.9529274125488225
6.958854221426849
6.964799282019787
6.970762657080703
6.9767444096893305
6.982744603254088
6.988763301520812
6.994800568549102
7.000856468491645
7.006931065793042
7.013024425234769
7.019136611937258
7.025267691362005
7.031417729313668
7.037586791942215
7.043774945745056
7.049982257569216
7.056208794613507
7.06245462443073
7.068719814929887
7.075004434378405
7.081308551404396
7.087632234998903
7.093975554518207
7.100338579686101
7.106721380596225
7.113124027714396
7.119546591880957
7.125989144313159
7.132451756607541
7.13893450074235
7.145437449079949
7.151960674369293
7.158504249748364
7.165068248746683
7.171652745082793
7.178257812043728
7.184883523931683
7.1915299555446754
7.198197182082583
7.204885279149695
7.211594322757339
7.218324389326478
7.225075555690367
7.231847899097214
7.238641497212856
7.245456428123474
7.252292770338308
7.25915060279242
7.2660300048494415
7.272931056304392
7.279853837386469
7.286798428761897
7.293764911536788
7.300753367260016
7.307763877926126
7.314796525978263
7.321851394311126
7.32892856627393
7.336028125673428
7.3431501567769155
7.350294744315287
7.357461973486106
7.364651929956706
7.37186469986135
7.3791003695886825
7.386359025839014
7.393640755789888
7.4009456471013175
7.4082737879190015
7.415625266877573
7.423000173103868
7.430398596220228
7.437820626347816
7.44526635410998
7.452735870635619
7.460229267562608
7.467746637041217
7.475288071737581
7.4828536648371955
7.490443510048435
7.498057701606096
7.505696334274989
7.513359503353542
7.521047304677434
7.528759834623274
7.5364971901122875
7.544259468614065
7.55204676815031
7.559859187298634
7.567696825196386
7.575559781544499
7.583448156611643
7.591362051358692
7.599301567053477
7.607266805323592
7.615257868376918
7.623274859005637
7.631317880590287
7.639387037103865
7.647482433115931
7.655604173796788
7.663752364921663
7.671927112874949
7.680128524654464
7.688356707875755
7.6966117707764425
7.7048938222205905
7.713202971703132
7.721539329354298
7.7299030059441405
7.738294112887031
7.746712762246247
7.755159066738568
7.763633139738933
7.772135095285112
7.780665048082451
7.789223113508625
7.79780940761846
7.806424047148767
7.815067149523257
7.823738832835272
7.832439215381296
7.841168416236011
7.849926555321401
7.858713753268772
7.867530131423886
7.876375811852118
7.885250917343685
7.894155571418897
7.90308989833348
7.912054023083911
7.921048071412843
7.930072169814532