36.0824147006979
35.98604955963758
35.89024889991277
35.79500794533592
35.70032197370032
35.60618631602062
35.51259635578602
35.41954752822604
35.32703531958858
35.235055266430074
35.14360295491743
35.05267402014154
34.9622641454422
34.8723690617442
34.782984546904295
34.69410642506892
34.605730566042425
34.51785288466569
34.43046934020476
34.34357593574948
34.25716871762187
34.17124377479407
34.08579723831561
34.00082528074995
33.916324117613755
33.83229001945668
33.74871928084748
33.66560823132273
33.582953239317725
33.500750711653424
33.4189970930314
33.33768886553677
33.25682254814897
33.176394696260154
33.09640190120115
33.016840789774776
32.937708023796446
32.85900029964184
32.78071434780168
32.702846932443194
32.6253948509786
32.54835493363987
32.47172404306033
32.39549907386242
32.31967695225187
32.24425463561793
32.16922911213978
32.094597400398804
32.020356548996695
31.946503636179404
31.87303576946664
31.799950085286927
31.727243748618154
31.654913952633443
31.582957918352257
31.51137289429676
31.440156156153144
31.369305006438047
31.29881677416981
31.228688814544597
31.158918508617248
31.089503262986792
31.02044050948652
30.951727704878593
30.88336233055305
30.815341892231192
30.747663919673244
30.680325966390175
30.613325609359748
30.54666044874653
30.480328107626015
30.414326231712558
30.348652489091297
30.283304569953792
30.21828018633745
30.153577071868597
30.089192981509214
30.0251256913072
29.96137299815013
29.897932719522494
29.834802693266276
29.77198077734494
29.709464849610573
29.647252803931973
29.58534254414293
29.52373200165582
29.46241912765604
29.401401892167367
29.340678283836606
29.280246309721225
29.22010399507986
29.16024938316573
29.10068053502279
29.041395529284667
28.982392461976406
28.923669446318744
28.865224612535155
28.80705610766143
28.749162095357804
28.69154075572362
28.63419028511449
28.57710889596182
28.520294816594838
28.463746291064872
28.407461578972075
28.35143895529432
28.295676710218437
28.240173148973646
28.184926591667132
28.129935373121885
28.075197842716495
28.020712364227222
27.966477315671952
27.912491089156298
27.858752090721648
27.805258740195164
27.752009471041735
27.699002730217863
27.64623697802737
27.593710687978998
27.5414223466458
27.489370453526345
27.437553520907706
27.385970073730146
27.33461864945356
27.283497797925577
27.232606081251358
27.181942073665013
27.13150436140265
27.08129154257699
27.031302227053597
26.981535036328616
26.931988603408055
26.88266157268855
26.833552599839653
26.78466035168753
26.73598350610014
26.68752075187379
26.639270788621122
26.591232326660442
26.543404086906484
26.495784800762404
26.448373204256182
26.4011680404354
26.354168068029384
26.307372055896607
26.260778782912766
26.21438703786975
26.168195619375773
26.122203335756755
26.07640900495886
26.03081145445223
25.98540952113586
25.94020205124363
25.89518790025144
25.850365932785458
25.805735022531465
25.761294052145303
25.717041913164326
25.672977505919956
25.629099739451235
25.585407531419424
25.541899808023608
25.49857550391723
25.45543356212572
25.41247293396495
25.369692578960784
25.327091464769445
25.284668567098873
25.24242286963097
25.2003533639448
25.158459049440562
25.116738933264593
25.075192030235087
25.03381736276878
24.99261396080843
24.951580861751108
24.910717110377355
24.87002175878111
24.829493866300485
24.789132499449224
24.748936731849096
24.708905644162908
24.66903832402835
24.629333865992585
24.589791371447557
24.55040994856601
24.511188712238273
24.47212678400974
24.433223292018987
24.394477370936674
24.35588816190506
24.317454812478246
24.279176476562988
24.241052314360296
24.20308149230755
24.165263183021352
24.12759656524097
24.090080823772375
24.05271514943295
24.015498738666512
23.978430785212474
23.941510491283253
23.90473706812606
23.868109732769646
23.831627707972064
23.79529022216885
23.759096509421894
23.72304580936876
23.687137367172628
23.65137043347276
23.615744264335433
23.58025812120554
23.544911270858552
23.50970298535312
23.474632541984118
23.43969922323618
23.404902316737804
23.370241115215862
23.335714916450648
23.30132302323136
23.267064743312112
23.23293938936834
23.198946278953738
23.16508473445758
23.13135408306255
23.097753656702984
23.064282792023555
23.030940830338377
22.997727117590564
22.964641004312192
22.931681845584684
22.898849000999608
22.866141834619857
22.83355971494128
22.801102014854667
22.76876811160814
22.736557386769935
22.704469226191573
22.672503019971373
22.64065816241841
22.608934052016746
22.577330091390134
22.545845687266983
22.51448025044574
22.4832331957606
22.452103942047593
22.421091912110963
22.39019653268993
22.35941723442579
22.328753451829293
22.298204623248424
22.267770190836455
22.23744960052034
22.207242301969387
22.17714774856434
22.147165397366653
22.117294709088135
22.087535148060905
22.057886181182823
22.02834727299619
21.99891789494307
21.969597522827602
21.940385635957195
21.911281717113873
21.882285252525854
21.853395731839417
21.82461264809106
21.795935497679913
21.76736378034047
21.738896999115518
21.71053466032937
21.682276273561353
21.654121351619576
21.626069410514912
21.598119969435256
21.570272550720034
21.542526679834957
21.51488188534702
21.487337698899733
21.459893655188594
21.43254929193682
21.40530414987127
21.378157772698646
21.351109707081868
21.324159502616745
21.297306711808787
21.27055089005032
21.243891595597734
21.217328389549046
21.19086083582157
21.16448850112988
21.138210954963967
21.112027769567536
21.085938519916617
21.05994278369828
21.03404014128961
21.008230175736855
20.98251247273478
20.956886620606184
20.93135221028168
20.905908835279554
20.880556091685932
20.85529357813504
20.830120895789705
20.805037648321985
20.78004344189403
20.75513788513908
20.730320589142686
20.705591167424018
20.680949235917467
20.656394412954292
20.631926319244542
20.60754457785905
20.583248814211665
20.559038656041622
20.53491373339605
20.51087367861266
20.48691812451005
20.463046702794912
20.439259050047383
20.415554805206238
20.39193360943871
20.368395106123838
20.344938940836006
20.321564761328546
20.29827221751757
20.275060961465886
20.251930647367104
20.22888093152987
20.205911472362207
20.183021930356077
20.16021196807199
20.137481250123816
20.114829443163703
20.092256215867135
20.06976123891813
20.04734418499455
20.025004728753576
20.00274254681728
19.980557317758333
19.958448722085844
19.93641644223133
19.914460162534795
19.892579569230946
19.870774350435507
19.849044196131693
19.827388798156765
19.805807850188703
19.784301047733052
19.762868088109787
19.74150867044038
19.720222495634943
19.699009266379473
19.677868687123226
19.656800464066198
19.6358043051467
19.614879920029065
19.594027020091445
19.5732453184137
19.552534529765435
19.531894370594078
19.51132455901313
19.490824814790454
19.4703948593367
19.450034415693825
19.429743208523696
19.40952096409681
19.389367410281096
19.369282276530804
19.349265293875526
19.329316194909268
19.309434713779627
19.289620586177097
19.26987354932438
19.250193341965893
19.230579704347313
19.211032374972973
19.191551092998818
19.172135600992682
19.15278564301008
19.133500964583984
19.11428131271469
19.095126435859786
19.076036083924176
19.057010008250213
19.038047961607898
19.019149698185167
19.00031497357826
18.98154354478217
18.962835170181176
18.944189609539432
18.92560662399167
18.90708597603395
18.88862742951451
18.870230749624664
18.851895702889802
18.833622057160447
18.8154095816034
18.79725804669295
18.779167224202123
18.761136887194098
18.74316681001358
18.725256768278317
18.707406538870647
18.689615899929155
18.67188463084036
18.654212512230483
18.63659932595729
18.619044855101983
18.601548883961183
18.584111198038958
18.566731584038905
18.549409829856344
18.532145724570505
18.514939058436852
18.497789622879395
18.480697210483147
18.46366161498655
18.446682631274037
18.429760055368618
18.412893684424528
18.39608331671994
18.37932875164974
18.362629789718348
18.345986232532596
18.329397882794673
18.31286454429514
18.296386021905956
18.279962121573593
18.26359265031221
18.24727741619685
18.231016228356737
18.214808896968567
18.19865523324991
18.182555049221197
18.166508154635878
18.150514361048447
18.13457348177856
18.11868533116833
18.102849724575865
18.087066478368847
18.07133540991817
18.055656337591646
18.04002908074771
18.02445345972923
18.00892929585733
17.99345641142528
17.978034629692417
17.96266377487813
17.94734367215589
17.932074147647295
17.916855028416222
17.901686142462967
17.886567318718466
17.87149838703853
17.85647917819816
17.841509523885886
17.82658925669814
17.811718210133698
17.79689621858815
17.782123117348398
17.767398742587243
17.75272293135795
17.73809552158891
17.72351635207831
17.708985262488852
17.694502093342532
17.680066686015422
17.665678882732514
17.651338526562615
17.63704546141325
17.62279953202563
17.608600583969658
17.594448463638923
17.580343018245834
17.566284095816673
17.55227154518678
17.538305215995717
17.524384958682486
17.51051062448081
17.496682065414383
17.482899134292243
17.469161684704094
17.455469571015737
17.441822648364468
17.42822077265458
17.414663800552834
17.40115158948401
17.387683997626457
17.37426088390772
17.36088210800014
17.347547530316557
17.334257012005963
17.321010414957456
17.307807600951545
17.294648431399736
17.281532768392356
17.26846047474672
17.255431414002885
17.242445450419442
17.229502448969363
17.216602275335845
17.20374479590821
17.190929877777815
17.178157388734025
17.16542719726016
17.152739172529536
17.140093184401493
17.12748910341746
17.114926800797072
17.102406148434266
17.08992701889347
17.077489285405765
17.06509282186511
17.05273750282457
17.040423203492594
17.0281497997293
17.015917168042815
17.003725185585594
16.991573730150833
16.979462680168833
16.96739191470346
16.955361313448574
16.94337075672454
16.931420125474695
16.91950930126191
16.907638166265144
16.895806603275997
16.884014495695354
16.872261727529995
16.86054818338926
16.848873748481704
16.837238308611845
16.82564175017685
16.81408396016331
16.802564826144
16.791084236274692
16.779642079290962
16.768238244505046
16.75687262180269
16.745545101640058
16.73425557504064
16.72300393359216
16.711790069443577
16.70061387530201
16.689475244429794
16.67837407064145
16.667310248300755
16.656283672317805
16.645294238146075
16.63434184177956
16.62342637974987
16.61254774912339
16.601705847498447
16.590900573002493
16.58013182428931
16.569399500536246
16.55870350144144
16.54804372712911
16.53742007672412
16.526832449401645
16.516280745004448
16.505764863892296
16.495284706939252
16.484840175530934
16.47443117156183
16.46405759743261
16.453719356047472
16.4434163508115
16.433148485628042
16.422915664896102
16.41271779350776
16.402554776845605
16.392426520780184
16.38233293166747
16.372273916346355
16.36224938213615
16.3522592368341
16.342303388712935
16.33238174651843
16.32249421946697
16.312640717243145
16.302821149997357
16.293035428343444
16.283283463356323
16.27356516656966
16.263880449973527
16.25422922601209
16.244611407581345
16.235026908026814
16.225475641141298
16.215957521162615
16.206472462771398
16.197020381088866
16.187601191674613
16.178214810524448
16.16886115406823
16.159540139167685
16.150251683114305
16.14099570362719
16.13177211885098
16.122580847353724
16.113421808124833
16.10429492057299
16.09520010452412
16.086137280219354
16.077106368312986
16.068107289870493
16.059139966366537
16.05020431968296
16.041300272106852
16.03242774632859
16.023586665439886
16.014776952931875
16.0059985326932
15.997251329008131
15.988535266554633
15.979850270402554
15.971196266011722
15.96257317923012
15.953980936292046
15.9454194638163
15.936888688804363
15.928388538593385
15.919918936646939
15.911479807337887
15.903071077847393
15.894692675735978
15.886344528941716
15.878026565778464
15.86973871493409
15.861480905468722
15.853253066812991
15.845055128766333
15.836887021495231
15.828748675531537
15.82064002177076
15.812560991470402
15.804511516248262
15.796491528080791
15.788500959301446
15.780539742599046
15.772607811016146
15.764705097947429
15.756831537138096
15.748987062682277
15.741171609021443
15.733385110942855
15.725627503577982
15.717898722400964
15.710198703227071
15.702527382211187
15.694884695846264
15.687270580961854
15.679684974722583
15.672127814626679
15.664599038657434
15.657098585585269
15.649626393192962
15.642182399392198
15.634766542424426
15.627378760859411
15.620018993593753
15.612687179849468
15.605383259172553
15.598107171431565
15.590858856816197
15.583638255835902
15.576445309318473
15.569279958408679
15.562142144566888
15.555031809567701
15.547948895498605
15.540893344758617
15.533865100056962
15.526864104411743
15.51989030114862
15.512943633899502
15.506024046601263
15.499131483494434
15.49226588912193
15.485427208327797
15.47861538625591
15.471830368348757
15.465072100346175
15.458340528284117
15.451635598493427
15.444957257598618
15.43830545251667
15.431680131168092
15.425081241737658
15.418508731211977
15.411962546849137
15.405442636196547
15.398948947089714
15.392481427651088
15.386040026288871
15.37962469169586
15.373235372848274
15.366872019004635
15.360534579704575
15.354223004767762
15.347937244292723
15.341677248655765
15.335442968509826
15.329234354783411
15.323051358679471
15.316893931674327
15.310762025516588
15.304655592226082
15.29857458409278
15.292518953675769
15.286488653802158
15.280483637566078
15.274503858327632
15.268549269711855
15.262619825607713
15.256715480167086
15.250836187803761
15.244981903192429
15.239152581267705
15.233348177186837
15.227568645413223
15.221813940786053
15.21608401869961
15.210378834804938
15.204698345008865
15.199042505473026
15.193411272612932
15.187804603097016
15.182222453845675
15.176664782030358
15.171131545072617
15.165622700643206
15.160138206661154
15.154678021292847
15.149242102951163
15.143830410294527
15.138442901869041
15.133079536211454
15.12774027247693
15.12242507006513
15.117133888617543
15.111866688016612
15.10662342838489
15.101404070084184
15.096208573714714
15.091036900114256
15.085889010357336
15.080764865754379
15.0756644278509
15.070587658426689
15.065534519495007
15.060504973301757
15.055498981552777
15.050516503905536
15.045557502823423
15.040621941288801
15.035709782513209
15.030820989936553
15.025955527226369
15.021113358277052
15.016294447209091
15.011498758368335
15.006726256325232
15.0019769058741
14.997250672032392
14.992547520039965
14.987867415358362
14.983210323670091
14.978576210802895
14.97396504143625
14.969376780546536
14.964811393630006
14.960268846402917
14.955749104800809
14.951252134977796
14.946777903305854
14.942326376374124
14.937897520988216
14.933491304169507
14.929107693154467
14.92474665539398
14.920408158552657
14.916092170508172
14.9117986593506
14.907527593381753
14.903278947212542
14.899052695269416
14.89484880567119
14.890667246747613
14.886507987038943
14.882370995295279
14.87825624047591
14.874163691748683
14.870093318489355
14.866045090280965
14.862018976913191
14.858014948381753
14.854032974887758
14.850073026837116
14.846135074839918
14.842219089709827
14.838325044906508
14.83445291882896
14.83060268269013
14.826774307361106
14.822967763915305
14.819183023627858
14.815420057975013
14.811678838633561
14.807959337480238
14.80426152659115
14.800585378241202
14.796930864903526
14.79329795924891
14.789686634145253
14.786096862656992
14.782528618044553
14.778981874862497
14.77545661838065
14.771952825125087
14.768470468583459
14.765009522437996
14.761569960564975
14.758151757034158
14.754754886108291
14.751379322242556
14.748025040084055
14.744692014471294
14.741380220433674
14.738089633190967
14.734820228152826
14.73157198091827
14.728344867275213
14.725138863231104
14.721953955417757
14.718790128444866
14.715647358657508
14.712525622587851
14.709424896954658
14.70634515866284
14.703286384802967
14.70024855265082
14.697231639666924
14.6942356234961
14.691260481967007
14.6883061930917
14.685372735065181
14.682460086264971
14.679568225250675
14.67669713076354
14.673846786053183
14.671017180678907
14.668208293848537
14.665420104438155
14.662652591504523
14.659905734284653
14.657179512195396
14.654473904833019
14.651788891972807
14.649124453568637
14.6464805697526
14.643857220834576
14.64125438730186
14.638672049818759
14.636110189226203
14.63356878654138
14.631047825145409
14.628547303505972
14.626067206057185
14.623607513603826
14.62116820712663
14.618749267781885
14.616350676901085
14.613972415990512
14.611614466730895
14.60927681097702
14.606959430757358
14.604662308273724
14.602385425900902
14.600128766186284
14.597892311849535
14.595676045782229
14.593479951243694
14.591304027871402
14.589148269731618
14.58701266066575
14.584897184685556
14.582801825972828
14.58072656887908
14.57867139792523
14.576636297801297
14.5746212533661
14.572626249646945
14.570651271839345
14.568696305306712
14.566761335580079
14.564846348357797
14.562951329505276
14.561076265054684
14.559221142803041
14.557385960169857
14.555570704797756
14.553775362167345
14.551999917926052
14.550244357887838
14.548508668032925
14.546792834507487
14.545096843623389
14.5434206818579
14.541764335853415
14.540127792417199
14.538511038521106
14.536914061301315
14.535336848058082
14.533779386255473
14.532241663521116
14.530723667645944
14.529225386583954
14.527746823805396
14.526287986884244
14.524848864306923
14.523429444660914
14.522029716696137
14.520649669324742
14.519289291620865
14.517948572820426
14.516627502320908
14.515326069681134
14.514044264621063
14.512782077021592
14.511539496924339
14.51031651453145
14.509113120205399
14.507929304468801
14.506765058004218
14.50562037165397
14.50449523869248
14.503389668206092
14.502303653333094
14.501237183059473
14.500190246531885
14.499162833057412
14.498154932103342
14.497166533296939
14.496197626425213
14.495248201863387
14.494318269228808
14.4934078286463
14.492516869559273
14.49164538157076
14.490793354443197
14.489960778098169
14.489147642616203
14.488353938236553
14.487579655356964
14.48682479989227
14.486089384822746
14.485373402123718
14.484676843774551
14.483999701912314
14.48334196883163
14.4827036369845
14.482084698980135
14.481485147584799
14.48090498173076
14.480344215076073
14.479802842449967
14.479280857104337
14.478778252447853
14.478295022045797
14.477831159619921
14.47738665904832
14.47696151436527
14.476555721874073
14.47616929581671
14.475802234776168
14.475454532378016
14.475126182403978
14.474817193935667
14.474527584013645
14.474257324688454
14.474006386499969
14.47377474102535
14.473562433707938
14.473369532847148
14.473196078454661
14.47304196744011
14.472906980344666
14.472791313029976
14.472695825002338
14.472619964087704
14.472562679422216
14.472523591014497
14.472503694453247
14.472503268514446
14.472522250733826
14.47256051615815
14.472617807108948