22.780061255509832
22.77278189699906
22.765538831827946
22.7583320043422
22.751161359248627
22.744026841613913
22.736928396863465
22.729865970780214
22.722839509503455
22.7158489595277
22.70889426770152
22.70197538122641
22.695092247655655
22.68824481489322
22.681433031192622
22.67465684515585
22.66791620573225
22.661211062217447
22.654541364252275
22.647907061821698
22.641308105253756
22.634744445218526
22.62821603272706
22.621722820649538
22.615264761967463
22.608841807037212
22.602453906528655
22.5961010114514
22.58978307315373
22.58350004332158
22.5772518739775
22.57103851747964
22.564859926520725
22.558716054127064
22.552606853657558
22.546532278802687
22.54049228358355
22.534486822350907
22.52851584978417
22.5225793208905
22.516677191003833
22.51080941578394
22.504975951215492
22.49917675360717
22.493411779590694
22.48768098611998
22.481984330470176
22.47632177027932
22.47069330031701
22.46509890523854
22.459538535181757
22.45401214061896
22.448519672355783
22.443061081530082
22.43763631961083
22.43224533839704
22.426888090016654
22.42156452692549
22.416274601906174
22.411018268067068
22.405795478841227
22.400606187985353
22.395450349578773
22.390327918022386
22.38523884803769
22.38018317784776
22.375160948904405
22.370172116539532
22.36521663639759
22.360294464441953
22.35540555695395
22.350549870531882
22.345727362090063
22.340937984425786
22.336181667161032
22.331458368522444
22.326768053027564
22.32211068549414
22.31748623103935
22.312894655079116
22.308335923327377
22.303810001795366
22.29931685679094
22.29485645491787
22.29042876307516
22.28603374845635
22.281671378548882
22.277341621133388
22.273044444283077
22.268779816363047
22.264547706029642
22.26034808222985
22.256180914200616
22.25204617146826
22.247943823847834
22.243873841442525
22.239836194643036
22.23583085412699
22.23185779085835
22.227916976086796
22.2240083813472
22.220131978458998
22.216287739525658
22.21247563693411
22.20869564335418
22.20494773173806
22.201231875319742
22.19754804761452
22.19389622241842
22.1902763738077
22.186688476138322
22.183132504045457
22.179608432442965
22.1761162365229
22.172655891755024
22.16922737388631
22.16583065894048
22.1624657232175
22.159132543293158
22.155831096018552
22.152561358519677
22.149323308196937
22.146116922724744
22.142942180051037
22.139799058396882
22.13668753625603
22.133607592394505
22.130559205850183
22.127542355932388
22.1245570222215
22.121603184568528
22.118680823094763
22.115789919833507
22.112930457441763
22.11010241450435
22.10730576976523
22.104540502239246
22.101806591211684
22.099104016237856
22.096432757142686
22.093792794020306
22.09118410723364
22.088606677414028
22.08606048546081
22.083545512540965
22.081061740088714
22.078609149805168
22.076187723657927
22.073797443880753
22.071438292973195
22.069110253700238
22.066813309091962
22.06454744244321
22.062312637313244
22.06010887752542
22.057936147166867
22.055794430588175
22.053683712403082
22.051603977488153
22.04955521098251
22.04753739828752
22.045550525066503
22.043594577244452
22.04166954100777
22.03977540280399
22.037912149341494
22.036079767589268
22.03427824477665
22.032507568393072
22.030767726187815
22.02905870616977
22.027380496607226
22.025733086027607
22.024116463217275
22.022530617221303
22.020975537343276
22.019451213145064
22.017957634446642
22.016494791325886
22.015062674118383
22.01366127341725
22.01229058007295
22.01095058519313
22.009641280142436
22.008362656542367
22.007114706271118
22.005897421463402
22.00471079451034
22.0035548180593
22.002429485013757
22.00133478853385
22.00027072158255
21.99923727585778
21.99823444300861
21.997262214940392
21.99632058381459
21.995409542048623
21.99452908231571
21.993679197544715
21.99285988091999
21.99207112588126
21.991312926123477
21.99058527559668
21.989888168505882
21.989221599310948
21.988585562726488
21.987980053721742
21.987405067520463
21.986860599600853
21.986346645695445
21.98586320179102
21.985410264128536
21.984987829203035
21.984595893763583
21.984234454813212
21.983903509608833
21.98360305566121
21.98333309073489
21.983093612848176
21.98288462027306
21.98270611153523
21.98255808541399
21.982440540942285
21.98235347740665
21.98229689434722
21.982270791557692
21.982275169085362
21.98231002723109
21.98237536654934
21.982471187848166
21.982597492189257
21.982754280887928
21.982941555513186
21.983159317887736
21.98340757008804
21.983686314444345
21.98399555354075
21.984335290215245
21.984705527559786
21.985106268920358
21.98553751789704
21.98599927834408
21.98649155437
21.987014350337645
21.987567670864316
21.98815152082183
21.988765905336663
21.989410829790017
21.99008629981797
21.99079232098415
21.99152889645743
21.992296030092774
21.993093726290695
21.99392198970645
21.994780825250107
21.995670238086642
21.996590233636024
21.997540817573327
21.998521995828817
21.999533774588084
22.000576160292134
22.00164915963753
22.002752779576497
22.003887027317067
22.00505191032322
22.006247436315007
22.007473613268722
22.00873044941702
22.01001795324912
22.011336133510916
22.0126849992052
22.014064559591795
22.01547482418775
22.016915802767528
22.018387505363183
22.019889942264577
22.021423124019556
22.02298706143418
22.02458176557291
22.026207247758858
22.027863519573973
22.029550592859295
22.03126847971518
22.03301719250155
22.034796743838104
22.036607146604613
22.03844841394115
22.040320559248357
22.042223596187704
22.044157538681773
22.046122400914538
22.048118197331625
22.05014494264063
22.0522026518114
22.05429134007633
22.056411022930675
22.058561716132857
22.060743435704794
22.062956197932195
22.065200019364923
22.067474916817307
22.069780907368482
22.072118008362743
22.0744862374099
22.07688561238561
22.07931615143177
22.081777872956863
22.084270795636346
22.086794936240672
22.089350308493675
22.09193692957799
22.094554817044692
22.097203988711506
22.09988446266317
22.102596257251754
22.105339391097054
22.108113883086936
22.110919752377697
22.11375701839447
22.116625700831566
22.119525819652885
22.122457395092315
22.125420447654097
22.128414998113264
22.131441067516032
22.134498677180222
22.137587848695674
22.140708603924686
22.143860965002435
22.14704495433743
22.15026059461195
22.153507908782494
22.156786920080236
22.160097652011498
22.163440128358207
22.166814373178394
22.17022041080664
22.173658265854595
22.177127963211458
22.180629528044477
22.18416298579946
22.18772836220128
22.19132568325441
22.194954975243412
22.198616264733523
22.20230957857114
22.20603494388439
22.209792388083677
22.213581938862234
22.21740362419669
22.221257472347634
22.225143511860196
22.22906177156462
22.23301228057687
22.23699506829919
22.241010164420754
22.24505759891823
22.24913740205642
22.25324960438886
22.257394236760973
22.2615713290515
22.265780910576197
22.270023010934715
22.274297660015336
22.278604887995602
22.282944725342887
22.28731720281502
22.291722351460923
22.296160202621188
22.300630787928768
22.305134139309537
22.30967028898302
22.314239269462966
22.318841113558054
22.32347585437254
22.328143525306913
22.332844160058617
22.337577792622668
22.342344457292413
22.34714418866018
22.351977021618005
22.356842991358334
22.361742133374747
22.36667448346269
22.371640077720183
22.376638952548603
22.38167114465337
22.386736691044774
22.39183562903866
22.396967996257267
22.402133830629946
22.407333170393983
22.41256605409536
22.417832520589577
22.42313260904244
22.42846635893088
22.433833810043772
22.439235002482757
22.444669976663082
22.450138773314443
22.45564143348183
22.46117799852638
22.46674851012626
22.472353010277512
22.47799154129496
22.483664145813073
22.489370866786878
22.495111747492867
22.500886831529893
22.50669616282008
22.512539786161724
22.518417745404598
22.524330083367527
22.530276843191118
22.53625806833952
22.54227380260133
22.548324090090475
22.554408975247146
22.56052850283873
22.566682717960724
22.572871666037674
22.579095392824147
22.585353944405654
22.591647367199645
22.597975707956447
22.604339013760285
22.61073733203024
22.617170710521247
22.623639197325137
22.630142840871574
22.636681689929183
22.643255793606478
22.649865201352966
22.656509962960172
22.6631901285627
22.669905748639287
22.676656874013897
22.683443555856783
22.690265845685587
22.697123795366434
22.704017457115064
22.710946883497904
22.71791212743325
22.72491324219235
22.731950281400586
22.73902329903861
22.746132349443513
22.75327748730999
22.760458767691524
22.767676246001585
22.774929978014825
22.782220019868276
22.789546428062582
22.796909259463227
22.80430857130176
22.811744421177053
22.819216867056557
22.826725967277575
22.834271780548516
22.8418543659502
22.84947378293623
22.857130090519945
22.864823346797674
22.87255361029375
22.880320939905868
22.888125394906336
22.895967034943375
22.903845920042397
22.911762110607324
22.919715667421897
22.927706651650997
22.935735124841976
22.943801148926028
22.951904786219497
22.960046099425288
22.968225151634215
22.976442006326394
22.98469672737265
22.992989379035908
23.00132002597261
23.009688733234178
23.01809556626839
23.026540590920888
23.035023873436614
23.04354548046128
23.052105479042858
23.06070393663306
23.069340921088866
23.078016500674025
23.08673074406057
23.09548372033039
23.104275498976744
23.11310614990585
23.121975743438433
23.130884350311344
23.139832041679114
23.148818889115592
23.157844964615546
23.166910340596324
23.176015089899458
23.18515928579234
23.194343001969898
23.203566312556266
23.212829292106456
23.222132015608103
23.23147455848316
23.240856996589606
23.250279406223235
23.259741864119373
23.26924444745466
23.278787233848814
23.288370301321105
23.29799372450829
23.307657578470394
23.317361940614393
23.32710688879261
23.33689250130454
23.346718856898615
23.356586034774026
23.366494114582533
23.376443176430307
23.386433300879776
23.39646456895147
23.406537062125924
23.416650862345534
23.426806052016474
23.43700271401061
23.44724093166743
23.457520788795964
23.467842369676784
23.478205759063922
23.488611042186886
23.49905830475266
23.509547632947694
23.52007911343996
23.530652833380962
23.541268880407817
23.551927342645318
23.562628308708007
23.573371867702303
23.584158109228586
23.594987123383348
23.60585900076134
23.616773832457714
23.627731710070208
23.63873272570137
23.6497769719607
23.660864541966934
23.67199552935024
23.68317002825452
23.694388133339622
23.705649939783672
23.716955543407988
23.728305041324077
23.739698528972728
23.751136101763354
23.762617855628125
23.774143887024227
23.785714292936195
23.797329170878285
23.808988618896798
23.820692735572475
23.832441620022863
23.84423537190475
23.85607409141658
23.867957879300903
23.879886836846794
23.891861065892407
23.903880668827394
23.915945748595465
23.928056408696897
23.94021275319107
23.952414886699096
23.9646629144063
23.97695694206494
23.98929707599672
24.001683423095514
24.014116090829962
24.026595187246198
24.039120820970517
24.051693101212095
24.06431213776572
24.07697804101457
24.089690921932956
24.102450892089117
24.115258063648074
24.128112549374414
24.141014462635162
24.153963917402667
24.16696102825747
24.180005910391248
24.19309867960972
24.20623945233562
24.219428346086932
24.23266547989987
24.24595097049904
24.259284934911467
24.272667490787917
24.286098756405924
24.29957885067277
24.313107893128564
24.326686003949256
24.340313303949767
24.35398991458706
24.367715957963274
24.381491556828895
24.39531683458589
24.409191915290926
24.423116923658583
24.437091985064583
24.451117225549062
24.465192771819858
24.479318751255814
24.493495291910097
24.507722522513593
24.52200057247824
24.53632957190048
24.550709651564638
24.565140942946414
24.57962357821635
24.59415769024332
24.60874341259808
24.623380879556784
24.63807022610463
24.652811587939365
24.667605101475026
24.682450903845492
24.697349132908247
24.712299927248043
24.727303426180647
24.742359769756607
24.75746909876502
24.772631554737394
24.787847279951425
24.80311641858369
24.818439115764086
24.833815514184078
24.849245757200457
24.864729988926236
24.88026835423448
24.89586099876226
24.91150806891469
24.92720971186881
24.94296607557772
24.958777308774554
24.974643560976645
24.990564982489538
25.006541724411235
25.022573938636285
25.03866177786006
25.05480539558294
25.071004946114563
25.087260584578203
25.103572466915
25.119940749888386
25.136365591088424
25.152847148936292
25.169385582688662
25.18598105244225
25.202633719138298
25.21934374456713
25.236111291372765
25.252936523057482
25.26981960398654
25.286760699392772
25.303759975381425
25.320817598934788
25.33793373791709
25.355108561079234
25.372342238063723
25.389634939409532
25.40698683655701
25.424398101852923
25.44186890855534
25.459399430839614
25.476989845276293
25.494640327924653
25.512351053794184
25.530122198820525
25.547953939870553
25.565846454747533
25.583799922196313
25.601814521908565
25.619890434528056
25.63802784165592
25.65622692585608
25.674487870660528
25.692810860574873
25.71119608108371
25.729643718656188
25.748153960751527
25.76672699582462
25.785363013331665
25.804062203735825
25.822824758512983
25.841650870157427
25.860540732187747
25.879494539152567
25.898512486636555
25.917594771266238
25.936741590716064
25.955953143714385
25.975229630049522
25.99457125057589
26.013978207220145
26.033450702987402
26.052988941967442
26.07259312934108
26.092263471386442
26.11200017548539
26.13180345012998
26.151673504928887
26.17161055061403
26.191614799047066
26.211686463226126
26.231825757296395
26.252032896122337
26.272308094371024
26.292651567633065
26.313063532656862
26.333544207355434
26.354093810813243
26.37471256329319
26.39540068624354
26.416158402304962
26.436985935317566
26.45788351032809
26.478851353597097
26.499889692606143
26.520998756065147
26.54217877391969
26.563429977358464
26.584752598820746
26.606146872003883
26.627613031870876
26.649151314658052
26.670761957882764
26.692445200351113
26.714201282165785
26.73603044473393
26.757932930775112
26.7799089843293
26.80195885076494
26.824082776787034
26.8462810104454
26.868553801142898
26.890901399643727
26.913324058081802
26.93582202996925
26.95839557020486
26.981044935082743
27.003770382300885
27.026572170969906
27.049450561621853
27.07240581621906
27.09543819816303
27.118547972751823
27.141735408424434
27.165000771075384
27.18834432736186
27.211766345408
27.235267094814137
27.258846846665968
27.28250587354393
27.306244449532507
27.33006285022973
27.353961352756702
27.37794023576721
27.401999779457405
27.426140265575512
27.45036197743176
27.474665199908213
27.499050219468838
27.52351732416949
27.548066803668142
27.572698949235093
27.597414053763302
27.622212411778754
27.64709431945096
27.672060074603536
27.697109976724853
27.722244326978785
27.747463428215482
27.772767584982354
27.798157103535026
27.823632291848465
27.84919345962812
27.874840918321187
27.90057498112803
27.92639596301358
27.952304180718933
27.978299952772915
28.00438359950389
28.030555443051558
28.05681580737892
28.08316501828424
28.109603403413242
28.13613130210573
28.16274907277516
28.189457046083668
28.21625555254704
28.243144924555462
28.270125496385816
28.297197604214187
28.324361586128312
28.351617782140345
28.378966534199574
28.406408186205265
28.433943084019724
28.46157157548123
28.48929401041736
28.517110740658214
28.54502212004989
28.573028504467878
28.60113025183083
28.62932772211423
28.65762127736427
28.686011285140587
28.714498164096156
28.743082299750334
28.77176406179481
28.800543822057207
28.829421954515507
28.858398835312716
28.88747484277161
28.916650357409573
28.945925761953614
28.975301441355466
29.004777782806862
29.034355175754854
29.064034011917432
29.093814685298984
29.12369759220623
29.153683131264064
29.18377170343157
29.21396371201822
29.244259562700236
29.274659663536973
29.305164456894026
29.33577439906698
29.36648990497185
29.39731139170326
29.42823927881802
29.45927398835249
29.49041594483991
29.521665575328008
29.553023309396643
29.584489579175653
29.61606481936295
29.64774946724262
29.679543962703278
29.7114487482565
29.74346426905554
29.775590972914088
29.807829310325303
29.84017973448086
29.872642701290314
29.90521866940059
29.937908110492938
29.970711543789374
30.003629444087988
30.03666228078753
30.069810526120726
30.103074655174844
30.13645514591223
30.16995247919127
30.20356713878739
30.23729961141422
30.27115038674513
30.305119957434645
30.339208819140403
30.37341747054503
30.40774641337844
30.442196152440054
30.476767195621527
30.511460053929472
30.54627524150843
30.58121327566417
30.61627467750125
30.651460009590718
30.686769822097244
30.722204645301108
30.75776501276378
30.793451461352543
30.8292645312651
30.865204766054596
30.901272712654738
30.93746892140522
30.973793946077315
31.010248343899782
31.046832675584984
31.083547505355153
31.120393400969053
31.157370933748783
31.194480678606865
31.231723214073565
31.26909912232449
31.306608989208414
31.34425340427538
31.382032974471052
31.419948329381274
31.458000070073506
31.4961887999191
31.53451512612275
31.572979659752033
31.61158301576729
31.650325813051705
31.689208674441705
31.728232226757633
31.76739710083478
31.80670393155456
31.84615335787614
31.885746022868325
31.925482573741604
31.965363690473108
32.00539006259798
32.04556234707709
32.085881205002735
32.12634730174395
32.16696130698008
32.207723894734826
32.24863574341064
32.289697535823144
32.33090995923636
32.372273705397845
32.41378947057446
32.45545795558828
32.49727986585301
32.5392559122159
32.581386867059045
32.62367348590055
32.66611649377269
32.708716620495316
32.751474600714495
32.79439117394147
32.83746708459206
32.880703082026436
32.924099920589235
32.96765835965014
33.011379166621474
33.05526312433792
33.09931101426645
33.143523622309395
33.18790173966735
33.23244616288307
33.2771576938857
33.32203714003551
33.36708531416908
33.41230303464491
33.45769112464676
33.50325037103849
33.54898158433001
33.59488560555001
33.64096328148599
33.68721546473261
33.73364301374071
33.78024679286687
33.82702767242331
33.873986528728494
33.92112424415809
33.968441679397245
34.01593964672453
34.063619064117255
34.11148086425992
34.159525986446106
34.20775537663675
34.2561699875187
34.304770778564084
34.353558716090284
34.40253477332038
34.45169991888624
34.50105464373046
34.55059984487271
34.60033675629949
34.65026662190696
34.700390695601364
34.75070964461372
34.80122391802437
34.85193477843837
34.90284350343457
34.953951380931436
35.005259395550915
35.0567678432932
35.1084779428972
35.160390997753126
35.21250832182511
35.264831125426156
35.31735978770508
35.3700953941652
35.42303924476623
35.47619264991983
35.52955691484541
35.583132760561554
35.636921269082634
35.69092374011711
35.74514100470462
35.79957444620732
35.854225169683616
35.90909420990443
35.96418272966828
36.01949135418191