3.3503082283570085
3.3502936560238
3.3502817986508266
3.3502726911304617
3.3502663393100747
3.350262743450259
3.3502619039441965
3.3502638233044686
3.350268499606277
3.3502759331290424
3.350286124568379
3.350299073738372
3.350314780611628
3.350333245262938
3.350354467780716
3.3503784482631946
3.350405186750206
3.3504346833544085
3.350466938235942
3.350501951568575
3.3505397235397036
3.350580254350361
3.3506235442152135
3.350669593362567
3.3507184020343685
3.3507699704862084
3.3508242988546315
3.3508813871220244
3.3509412355769483
3.351003844533413
3.351069214319089
3.3511373452753093
3.3512082377570724
3.3512818921330485
3.3513583087855845
3.3514374881107054
3.3515194305181253
3.3516041364312463
3.3516916062871687
3.3517818405366917
3.3518748396443243
3.3519706040882875
3.352069134360521
3.3521704309666904
3.3522744944261924
3.352381325272161
3.352490924051476
3.3526032908135575
3.352718425108815
3.3528363275453135
3.352956998776926
3.3530804394713045
3.3532066503098954
3.3533356319879384
3.3534673852144836
3.3536019107123956
3.3537392092183653
3.353879281482919
3.3540221282704263
3.3541677503591116
3.354316148541065
3.354467323622249
3.3546212764225114
3.354778007775595
3.354937518529149
3.355099809544739
3.3552648816978574
3.3554327358779363
3.3556033726589978
3.3557767923204533
3.3559529957328
3.356131983793939
3.3563137574157387
3.356498317524043
3.3566856650586883
3.356875800973512
3.3570687262363634
3.3572644418291175
3.3574629487476897
3.357664248002042
3.3578683406162035
3.3580752276282757
3.3582849100904517
3.358497389069025
3.3587126656444046
3.3589307409111315
3.3591516159778854
3.3593752907463714
3.3596017649853094
3.359831039953743
3.360063116927356
3.3602979971960805
3.3605356820641195
3.3607761728499606
3.3610194708863945
3.361265577520529
3.361514494113812
3.361766222042044
3.362020762695398
3.3622781174784375
3.362538287810135
3.3628012751238905
3.363067080867548
3.363335706503416
3.3636071535082865
3.363881423365599
3.3641585163099417
3.3644384328982992
3.3647211746071832
3.365006742927623
3.3652951393651866
3.36558636544
3.3658804226867636
3.3661773126547763
3.366477036907953
3.366779597024843
3.3670849945986556
3.367393231237273
3.367704308563278
3.3680182282139692
3.3683349918413876
3.368654601112331
3.368977057690314
3.3693023611312602
3.3696305117526886
3.3699615113903314
3.37029536189484
3.370632065131812
3.3709716229818167
3.3713140373404182
3.371659310118198
3.3720074432407845
3.3723584386488747
3.372712298298262
3.37306902415986
3.3734286182197306
3.3737910824791078
3.3741564189544246
3.3745246296773397
3.374895716673277
3.3752696799946653
3.375646520370914
3.3760262398488274
3.376408840490496
3.3767943243733236
3.377182693590054
3.377573950248801
3.377968096473072
3.3783651344017986
3.3787650661893633
3.379167894005629
3.3795736200359663
3.3799822464812808
3.3803937755580464
3.3808082094983294
3.381225549234877
3.3816457945838576
3.38206894781928
3.3824950112890644
3.3829239873568935
3.383355878402239
3.383790686820397
3.384228415022519
3.384669065435643
3.385112640502724
3.3855591426826717
3.386008574450377
3.3864609382967488
3.3869162367287466
3.387374472269412
3.3878356468214754
3.3882997596804385
3.388766812987425
3.3892368093648195
3.389709751451259
3.3901856419016645
3.3906644833872788
3.3911462785956994
3.391631030230918
3.3921187410133546
3.3926094136798945
3.393103050983925
3.3935996556953727
3.3940992306007396
3.3946017771169283
3.395107295015469
3.395615787025357
3.396127256001156
3.3966417048141517
3.397159136352392
3.3976795535207267
3.3982029592408454
3.3987293564513177
3.3992587481076324
3.399791137182238
3.4003265266645823
3.400864919561151
3.401406318894099
3.4019507248554315
3.402498137938463
3.4030485612774455
3.4036019980239
3.4041584513466643
3.40471792443193
3.4052804204832903
3.4058459427217818
3.4064144943859316
3.4069860787317956
3.4075606990330107
3.4081383585808336
3.4087190606841893
3.4093028085010797
3.4098896020117
3.4104794432282493
3.411072335481939
3.411668282121763
3.4122672865145423
3.412869352044971
3.413474482115666
3.4140826801472066
3.4146939495781905
3.4153082938652743
3.415925716483223
3.416546220924959
3.417169808496468
3.4177964793532527
3.4184262370925143
3.419059085369679
3.419695027858651
3.420334068251867
3.4209762102603443
3.4216214576137367
3.4222698140603818
3.4229212833673572
3.423575869320532
3.424233575724619
3.424894405642215
3.4255583583341593
3.4262254368887244
3.4268956451780004
3.427568987093115
3.428245466544297
3.428925087460924
3.4296078537915795
3.430293769504111
3.4309828385856824
3.4316750650428323
3.4323704529015298
3.433069006164062
3.433770725079343
3.434475611270581
3.435183668850561
3.435894901951738
3.4366093147262977
3.437326911346217
3.4380476960033177
3.4387716729093327
3.4394988462959604
3.440229220414928
3.440962799538052
3.4416995879572982
3.4424395888808053
3.4431828035608536
3.4439292357451987
3.444678889340274
3.4454317682721096
3.4461878764863867
3.4469472179484932
3.447709796643574
3.44847561657659
3.44924468177237
3.4500169962756675
3.4507925641512154
3.4515713894837856
3.452353476378238
3.4531388289595855
3.453927451373044
3.454719347784093
3.4555145223785346
3.456312979362548
3.45711472296275
3.4579197574262523
3.4587280870207233
3.4595397160344423
3.460354648776366
3.4611728895761815
3.461994441987742
3.4628193094617297
3.46364749635552
3.4644790070481832
3.465313845939746
3.466152017451254
3.4669935260248286
3.467838376123738
3.4686865722324494
3.469538118856701
3.4703930205235576
3.4712512817814796
3.472112907200384
3.4729779013717095
3.4738462689084817
3.474718014445376
3.4755931426387856
3.4764716581557566
3.4773535648546656
3.478238866905253
3.47912756901275
3.480019675904345
3.4809151923292503
3.481814123058767
3.4827164728863553
3.483622246627701
3.484531449120782
3.485444085225943
3.4863601598259564
3.4872796778260993
3.4882026441542173
3.4891290637607995
3.490058941619046
3.490992282724941
3.4919290920973225
3.492869374779056
3.4938131358382924
3.494760380318156
3.4957111132731833
3.496665339781008
3.4976230649424296
3.498584293881489
3.4995490317455396
3.5005172837053227
3.50148905495504
3.5024643507124336
3.5034431762188536
3.50442553673934
3.5054114375626946
3.5064008840015592
3.507393881392494
3.508390435096052
3.509390550496857
3.510394232904221
3.5114014870142443
3.5124123181667075
3.5134267318826513
3.5144447337076685
3.5154663292119794
3.5164915239905197
3.517520323663018
3.518552733874079
3.519588760293268
3.520628408615196
3.5216716845595997
3.522718593871427
3.523769142320925
3.52482333570372
3.5258811798409107
3.5269426805791473
3.528007843790722
3.5290766753736555
3.5301491808755587
3.5312253654225803
3.532305234930753
3.5333887953688157
3.5344760527315864
3.5355670130400525
3.53666168234146
3.5377600667094016
3.5388621722439155
3.5399680050715667
3.541077571345548
3.542190877245764
3.5433079289789338
3.5444287327786737
3.5455532949056
3.5466816216474197
3.5478137193190262
3.5489495942625946
3.550089252837898
3.551232700754027
3.552379943997378
3.5535309889965077
3.5546858422076673
3.5558445101149014
3.55700699923015
3.558173316093345
3.559343467272507
3.560517459363853
3.561695298991892
3.5628769928095263
3.5640625474981573
3.565251969767786
3.5664452663571162
3.5676424440336567
3.568843509593829
3.5700484698630714
3.571257331695942
3.5724701018424017
3.573686786324979
3.5749073919049588
3.5761319255335318
3.57736039419148
3.5785928048892814
3.579829164667222
3.581069480595507
3.582313759774366
3.583562009334171
3.5848142364355375
3.586070448269452
3.5873306520573673
3.588594855051331
3.5898630645340908
3.591135287819212
3.592411532251192
3.593691805205577
3.5949761140890795
3.5962644659057252
3.5975568672779077
3.598853325663149
3.6001538485711744
3.6014584435433905
3.6027671181530043
3.6040798800051443
3.605396736736978
3.6067176960178404
3.608042765549351
3.6093719530655406
3.6107052663329715
3.6120427131508683
3.613384301351236
3.614730038798991
3.6160799333920877
3.6174339930616433
3.6187922257720686
3.620154639511099
3.6215212418115397
3.622892040390011
3.624267043245969
3.6256462584125018
3.627029693956461
3.628417357978594
3.6298092586136743
3.6312054040306334
3.632605802432692
3.634010462057497
3.6354193911772525
3.6368325980988603
3.638250091164045
3.6396718787495046
3.641097969267034
3.6425283711636762
3.6439630929218505
3.645402143059497
3.646845530130217
3.648293262723414
3.649745349464434
3.651201799014712
3.65266262007191
3.6541278213700688
3.6555974116797443
3.6570713998081628
3.658549794599359
3.660032604934332
3.6615198397311874
3.6630115079452903
3.6645076185694143
3.6660081806338907
3.667513203206763
3.6690226953939398
3.6705366663393475
3.6720551252250817
3.673578081271568
3.675105543506648
3.67663752079649
3.6781740224127777
3.6797150576726945
3.6812606359323397
3.6828107665868877
3.6843654590707446
3.6859247228577154
3.687488567461161
3.689057002434158
3.6906300373696723
3.692207681900712
3.693789945700502
3.6953768384826438
3.696968370001287
3.6985645500512927
3.700165388468409
3.7017708951294384
3.703381079952405
3.7049959528967324
3.706615523963413
3.7082398031951835
3.7098688006767
3.711502526534715
3.7131409909382502
3.7147842040987786
3.716432176270402
3.7180849177256583
3.7197424385223803
3.72140474891182
3.7230718592550405
3.724743779956405
3.7264205214637602
3.728102094268624
3.7297885089063634
3.7314797759563914
3.733175906042344
3.7348769098322774
3.7365827980388517
3.738293581419524
3.740009270776741
3.74172987695813
3.743455410856694
3.7451858834110068
3.7469213056054107
3.7486616884702086
3.750407043081871
3.7521573805632285
3.7539127120836735
3.7556730488593693
3.7574384021534413
3.7592087832761925
3.7609842035853003
3.762764674486032
3.764550207431445
3.766340814037305
3.7681365059948466
3.7699372948476
3.7717431921855296
3.773554209647237
3.7753703589201706
3.7771916517408437
3.7790180998950476
3.7808497152180727
3.7826865095949227
3.784528494960539
3.786375683300015
3.788228086648824
3.7900857170930413
3.7919485867695686
3.793816707866362
3.7956900926226536
3.7975687533291893
3.7994527023284497
3.801341952014889
3.803236514835164
3.8051364032883703
3.8070416299262755
3.808952207353557
3.8108681482280433
3.8127894652609506
3.814716171217123
3.816648278866352
3.8185858006225715
3.820528749264038
3.8224771377272466
3.8244309790033544
3.826390286138436
3.8283550722337325
3.830325350445895
3.8323011339872486
3.83428243612604
3.836269270186693
3.8382616495500685
3.840259587653721
3.84226309799216
3.8442721941171123
3.8462868896377853
3.8483071982211285
3.8503331335921054
3.852364709533959
3.854401939888483
3.856444838556288
3.8584934194970804
3.8605476967299364
3.862607684333573
3.864673396446634
3.8667448472679613
3.8688220510568825
3.8709050221334875
3.872993774859078
3.875088323598214
3.877188682771546
3.8792948668613345
3.8814068904116796
3.88352476802881
3.885648514381379
3.8877781442007544
3.889913672281317
3.892055113480752
3.8942024827203556
3.896355794985332
3.8985150653250975
3.9006803088535804
3.902851540749536
3.9050287762568456
3.9072120306848332
3.9094013194085755
3.911596657869215
3.9137980615742753
3.9160055460979817
3.9182191270815756
3.920438820233644
3.9226646413304342
3.924896606216186
3.927134730803457
3.92937903107345
3.9316295230265603
3.933886222373992
3.936149145162843
3.9384183075881642
3.940693725915034
3.94297541647889
3.9452633956858785
3.947557680013194
3.9498582860094253
3.9521652302949035
3.954478529562055
3.956798200575746
3.959124260173646
3.9614567252665775
3.963795612838875
3.9661409399487515
3.968492723728655
3.9708509813856403
3.973215730201728
3.975586987534282
3.9779647708163814
3.9803490975571876
3.9827399853423326
3.985137451834286
3.9875415147727455
3.9899521919750174
3.9923695013364036
3.9947934608305915
3.99722408835946
3.999661401815327
4.002105419313736
4.004556159050016
4.007013639299387
4.009477878417359
4.0119488948401365
4.014426707085018
4.016911333750812
4.019402793518238
4.021901105150344
4.024406287492918
4.026918359474913
4.0294373401088555
4.031963248491278
4.034496103803144
4.037035925310268
4.039582732363758
4.042136544400441
4.044697380943302
4.047265261601926
4.049840206072933
4.0524222341404315
4.055011365676462
4.057607620641444
4.060211019084639
4.062821581144598
4.065439327013449
4.06806427673531
4.0706964505893355
4.073335868986118
4.075982552427401
4.0786365215065485
4.081297796909013
4.083966399412822
4.086642349889051
4.089325669302304
4.092016378711206
4.094714499268884
4.097420052223466
4.100133058918573
4.102853540793813
4.105581519385293
4.1083170163261125
4.111060053346878
4.113810652276217
4.116568835041282
4.119334623668282
4.122108040282994
4.124889107111289
4.127677846479669
4.130474280815784
4.133278432648984
4.136090324610845
4.138909979435713
4.141737419813398
4.144572668461072
4.1474157483170835
4.150266682424184
4.153125493930059
4.155992206087893
4.158866842256933
4.161749425903049
4.16463998059931
4.167538530026555
4.1704450979739685
4.173359708339669
4.176282385131287
4.179213152466558
4.182152034573911
4.185099055793075
4.18805424057567
4.191017613485817
4.193989199200748
4.196969022511415
4.199957108323109
4.202953481656086
4.205958167646185
4.208971191545464
4.211992578722828
4.215022354664671
4.218060544975522
4.221107175348752
4.224162271406644
4.227225858966309
4.230297963988131
4.233378612553175
4.236467830863865
4.2395656452446415
4.242672082142633
4.245787168128339
4.248910929896304
4.25204339426581
4.255184588181558
4.25833453871437
4.261493273061885
4.264660818549263
4.267837202629898
4.271022452886129
4.274216597029957
4.27741966290377
4.28063167848108
4.283852671867241
4.287082671300204
4.290321705151246
4.293569801925727
4.296826990263853
4.300093298941413
4.303368756870565
4.306653393100652
4.30994723689334
4.313250317555859
4.316562664426749
4.319884306984043
4.32321527484604
4.326555597772109
4.329905305663491
4.3332644285640995
4.336632996661339
4.340011040286921
4.343398589917684
4.346795676176429
4.350202329832747
4.353618581803871
4.357044463155511
4.3604800051027155
4.363925239010725
4.367380196395839
4.370844908926288
4.374319408423112
4.377803726861038
4.381297896369373
4.384801949232906
4.388315917892795
4.391839834947493
4.39537373315365
4.398917645427044
4.4024716048007395
4.406035644238945
4.409609796975688
4.413194096432617
4.416788576194311
4.420393270009206
4.424008211790574
4.427633435617487
4.431268975735786
4.434914866559064
4.43857114266966
4.442237838819641
4.445914989931821
4.44960263110076
4.453300797593777
4.457009524851991
4.460728848491331
4.464458804303595
4.468199428257483
4.471950756499656
4.475712825355802
4.479485671331694
4.483269331114286
4.487063841572777
4.490869239759719
4.494685562912114
4.49851284845252
4.502351133991327
4.5062004576602215
4.510060857610537
4.513932371874215
4.5178150386734295
4.521708896421745
4.525613983725274
4.529530339383834
4.533458002392143
4.537397011940979
4.541347407418391
4.545309228410895
4.54928251470468
4.5532673062868385
4.557263643346584
4.561271566276489
4.5652911156737455
4.5693223323414065
4.573365257289657
4.577419931737091
4.58148639711199
4.585564695053629
4.589654867413566
4.593756956256971
4.597871003863933
4.601997052730807
4.606135145571552
4.61028532531909
4.614447634950708
4.6186221169850095
4.6228088147627036
4.627007771937559
4.631219032387989
4.635442640218463
4.639678639760929
4.643927075576229
4.64818799245554
4.652461435421831
4.656747449731301
4.661046080874877
4.665357374579672
4.669681376810485
4.6740181337713205
4.67836769190688
4.682730097904104
4.687105398693713
4.69149364145175
4.695894873601154
4.700309142813325
4.704736497009715
4.709176984363437
4.713630653300865
4.718097552503264
4.7225777309084265
4.727071237712321
4.731578122374258
4.736098435030167
4.740632225795699
4.7451795446958895
4.749740442020705
4.7543149683267565
4.758903174439018
4.763505111452579
4.7681208307343805
4.772750383925
4.77739382294042
4.782051199973826
4.7867225674974145
4.791407978264223
4.7961074853099595
4.80082114195486
4.8055490018055504
4.810291118756933
4.815047546994085
4.819818340994165
4.824603555528344
4.829403245663747
4.834217466765408
4.839046274498257
4.843889724829088
4.848747874028587
4.853620778673336
4.858508495647864
4.86341108216495
4.8683285957357185
4.873261094035469
4.878208635043193
4.883171277054974
4.888149078686121
4.893142098873309
4.8981503968767335
4.9031740322823065
4.908213065003826
4.913267555285218
4.918337563702744
4.92342315116727
4.928524378926529
4.933641308567398
4.938774002018226
4.9439225215511335
4.949086929784383
4.954267289684724
4.959463664569777
4.964676118110452
4.96990471433335
4.975149517623224
4.980410592725433
4.985688004748424
4.990981819166245
4.996292101821062
5.001618918922784
5.006962336792106
5.012322422054397
5.017699241816645
5.023092863564903
5.02850335516691
5.033930784874762
5.039375221327578
5.044836733554212
5.05031539097597
5.0558112634093515
5.061324421068835
5.066854934569656
5.072402874930627
5.077968313576991
5.083551322343265
5.089151973476151
5.094770339637435
5.100406493906932
5.106060509785452
5.111732461197781
5.117422422495713
5.1231304684610715
5.128856674308785
5.134601115689989
5.140363868695128
5.146145009857125
5.151944616154537
5.157762764949461
5.163599533770758
5.169455000666613
5.175329244155338
5.18122234321468
5.187134377285118
5.193065426273231
5.199015570555056
5.204984890979495
5.210973468871758
5.216981386036811
5.223008724762895
5.229055567825022
5.23512199848855
5.24120810051277
5.247313958154512
5.253439656171821
5.259585279827612
5.265750914893401
5.271936647653061
5.278142564906592
5.284368753973938
5.29061530269885
5.296882299452754
5.303169833138686
5.309477993195235
5.315806869600541
5.322156552880432
5.328527134236614
5.334918705145143
5.341331357493788
5.34776518372757
5.354220276852943
5.360696730442021
5.367194638636819
5.373714096153568
5.380255198287028
5.3868180409148625
5.393402720502072
5.40000933410542
5.406637979377952
5.413288754573506
5.419961758551303
5.426657090780568
5.433374851345184
5.4401151409484
5.446878060917572
5.45366371320896
5.460472200412564
5.467303625757004
5.474158093114444
5.481035707005563
5.487936572604567
5.494860795744279
5.501808482921216
5.508779741264217
5.515774678387826
5.522793402568176
5.529836022767673
5.5369026486362385
5.543993390516717
5.5511083594502955
5.558247667181987
5.565411426166157